#if 0
//
// Generated by Microsoft (R) HLSL Shader Compiler 10.1
//
//
// Resource Bindings:
//
// Name                                 Type  Format         Dim      ID      HLSL Bind  Count
// ------------------------------ ---------- ------- ----------- ------- -------------- ------
// gSampler                          sampler      NA          NA      S0             s0      1 
// gHDRSource                        texture  float4          2d      T0             t0      1 
//
//
//
// Input signature:
//
// Name                 Index   Mask Register SysValue  Format   Used
// -------------------- ----- ------ -------- -------- ------- ------
// SV_Position              0   xyzw        0      POS   float       
// TEXCOORD                 0   xy          1     NONE   float   xy  
//
//
// Output signature:
//
// Name                 Index   Mask Register SysValue  Format   Used
// -------------------- ----- ------ -------- -------- ------- ------
// SV_Target                0   xyzw        0   TARGET   float   xyzw
//
ps_5_1
dcl_globalFlags refactoringAllowed | skipOptimization
dcl_sampler S0[0:0], mode_default, space=0
dcl_resource_texture2d (float,float,float,float) T0[0:0], space=0
dcl_input_ps linear v1.xy
dcl_output o0.xyzw
dcl_temps 1
//
// Initial variable locations:
//   v0.x <- pIn.PosH.x; v0.y <- pIn.PosH.y; v0.z <- pIn.PosH.z; v0.w <- pIn.PosH.w; 
//   v1.x <- pIn.Tex.x; v1.y <- pIn.Tex.y; 
//   o0.x <- <main return value>.Color.x; o0.y <- <main return value>.Color.y; o0.z <- <main return value>.Color.z; o0.w <- <main return value>.Color.w
//
#line 38 "C:\Users\wkdgh\source\repos\SC.Game\SC.Game\ToneMappingPixelShader.hlsl"
sample r0.xyzw, v1.xyxx, T0[0].xyzw, S0[0]  // r0.x <- px.Color.x; r0.y <- px.Color.y; r0.z <- px.Color.z; r0.w <- px.Color.w

#line 42
mov o0.xyzw, r0.xyzw
ret 
// Approximately 3 instruction slots used
#endif

const BYTE pToneMappingPixelShader[] =
{
     68,  88,  66,  67, 170, 160, 
    240,   7,  79, 223, 243,  74, 
    221, 164, 223,  63, 254, 196, 
     51, 157,   1,   0,   0,   0, 
    228,  64,   0,   0,   6,   0, 
      0,   0,  56,   0,   0,   0, 
      8,   1,   0,   0,  96,   1, 
      0,   0, 148,   1,   0,   0, 
     64,   2,   0,   0, 220,   2, 
      0,   0,  82,  68,  69,  70, 
    200,   0,   0,   0,   0,   0, 
      0,   0,   0,   0,   0,   0, 
      2,   0,   0,   0,  60,   0, 
      0,   0,   1,   5, 255, 255, 
      5,   5,   0,   0, 160,   0, 
      0,   0,  19,  19,  68,  37, 
     60,   0,   0,   0,  24,   0, 
      0,   0,  40,   0,   0,   0, 
     40,   0,   0,   0,  36,   0, 
      0,   0,  12,   0,   0,   0, 
      0,   0,   0,   0, 140,   0, 
      0,   0,   3,   0,   0,   0, 
      0,   0,   0,   0,   0,   0, 
      0,   0,   0,   0,   0,   0, 
      0,   0,   0,   0,   1,   0, 
      0,   0,   0,   0,   0,   0, 
      0,   0,   0,   0,   0,   0, 
      0,   0, 149,   0,   0,   0, 
      2,   0,   0,   0,   5,   0, 
      0,   0,   4,   0,   0,   0, 
    255, 255, 255, 255,   0,   0, 
      0,   0,   1,   0,   0,   0, 
     12,   0,   0,   0,   0,   0, 
      0,   0,   0,   0,   0,   0, 
    103,  83,  97, 109, 112, 108, 
    101, 114,   0, 103,  72,  68, 
     82,  83, 111, 117, 114,  99, 
    101,   0,  77, 105,  99, 114, 
    111, 115, 111, 102, 116,  32, 
     40,  82,  41,  32,  72,  76, 
     83,  76,  32,  83, 104,  97, 
    100, 101, 114,  32,  67, 111, 
    109, 112, 105, 108, 101, 114, 
     32,  49,  48,  46,  49,   0, 
     73,  83,  71,  78,  80,   0, 
      0,   0,   2,   0,   0,   0, 
      8,   0,   0,   0,  56,   0, 
      0,   0,   0,   0,   0,   0, 
      1,   0,   0,   0,   3,   0, 
      0,   0,   0,   0,   0,   0, 
     15,   0,   0,   0,  68,   0, 
      0,   0,   0,   0,   0,   0, 
      0,   0,   0,   0,   3,   0, 
      0,   0,   1,   0,   0,   0, 
      3,   3,   0,   0,  83,  86, 
     95,  80, 111, 115, 105, 116, 
    105, 111, 110,   0,  84,  69, 
     88,  67,  79,  79,  82,  68, 
      0, 171, 171, 171,  79,  83, 
     71,  78,  44,   0,   0,   0, 
      1,   0,   0,   0,   8,   0, 
      0,   0,  32,   0,   0,   0, 
      0,   0,   0,   0,   0,   0, 
      0,   0,   3,   0,   0,   0, 
      0,   0,   0,   0,  15,   0, 
      0,   0,  83,  86,  95,  84, 
     97, 114, 103, 101, 116,   0, 
    171, 171,  83,  72,  69,  88, 
    164,   0,   0,   0,  81,   0, 
      0,   0,  41,   0,   0,   0, 
    106, 136,   0,   1,  90,   0, 
      0,   6,  70, 110,  48,   0, 
      0,   0,   0,   0,   0,   0, 
      0,   0,   0,   0,   0,   0, 
      0,   0,   0,   0,  88,  24, 
      0,   7,  70, 126,  48,   0, 
      0,   0,   0,   0,   0,   0, 
      0,   0,   0,   0,   0,   0, 
     85,  85,   0,   0,   0,   0, 
      0,   0,  98,  16,   0,   3, 
     50,  16,  16,   0,   1,   0, 
      0,   0, 101,   0,   0,   3, 
    242,  32,  16,   0,   0,   0, 
      0,   0, 104,   0,   0,   2, 
      1,   0,   0,   0,  69,   0, 
      0,  11, 242,   0,  16,   0, 
      0,   0,   0,   0,  70,  16, 
     16,   0,   1,   0,   0,   0, 
     70, 126,  32,   0,   0,   0, 
      0,   0,   0,   0,   0,   0, 
      0,  96,  32,   0,   0,   0, 
      0,   0,   0,   0,   0,   0, 
     54,   0,   0,   5, 242,  32, 
     16,   0,   0,   0,   0,   0, 
     70,  14,  16,   0,   0,   0, 
      0,   0,  62,   0,   0,   1, 
     83,  84,  65,  84, 148,   0, 
      0,   0,   3,   0,   0,   0, 
      1,   0,   0,   0,   0,   0, 
      0,   0,   2,   0,   0,   0, 
      0,   0,   0,   0,   0,   0, 
      0,   0,   0,   0,   0,   0, 
      1,   0,   0,   0,   0,   0, 
      0,   0,   0,   0,   0,   0, 
      0,   0,   0,   0,   0,   0, 
      0,   0,   0,   0,   0,   0, 
      0,   0,   0,   0,   1,   0, 
      0,   0,   0,   0,   0,   0, 
      0,   0,   0,   0,   0,   0, 
      0,   0,   0,   0,   0,   0, 
      1,   0,   0,   0,   0,   0, 
      0,   0,   0,   0,   0,   0, 
      0,   0,   0,   0,   0,   0, 
      0,   0,   0,   0,   0,   0, 
      0,   0,   0,   0,   0,   0, 
      0,   0,   0,   0,   0,   0, 
      0,   0,   0,   0,   0,   0, 
      0,   0,   0,   0,   0,   0, 
      0,   0,   0,   0,   0,   0, 
      0,   0,   0,   0,   0,   0, 
      0,   0,   0,   0,   0,   0, 
      0,   0,   0,   0,   0,   0, 
     83,  80,  68,  66,   0,  62, 
      0,   0,  77, 105,  99, 114, 
    111, 115, 111, 102, 116,  32, 
     67,  47,  67,  43,  43,  32, 
     77,  83,  70,  32,  55,  46, 
     48,  48,  13,  10,  26,  68, 
     83,   0,   0,   0,   0,   2, 
      0,   0,   2,   0,   0,   0, 
     31,   0,   0,   0, 164,   0, 
      0,   0,   0,   0,   0,   0, 
     28,   0,   0,   0,   0,   0, 
      0,   0,   0,   0,   0,   0, 
      0,   0,   0,   0,   0,   0, 
      0,   0,   0,   0,   0,   0, 
      0,   0,   0,   0,   0,   0, 
      0,   0,   0,   0,   0,   0, 
      0,   0,   0,   0,   0,   0, 
      0,   0,   0,   0,   0,   0, 
      0,   0,   0,   0,   0,   0, 
      0,   0,   0,   0,   0,   0, 
      0,   0,   0,   0,   0,   0, 
      0,   0,   0,   0,   0,   0, 
      0,   0,   0,   0,   0,   0, 
      0,   0,   0,   0,   0,   0, 
      0,   0,   0,   0,   0,   0, 
      0,   0,   0,   0,   0,   0, 
      0,   0,   0,   0,   0,   0, 
      0,   0,   0,   0,   0,   0, 
      0,   0,   0,   0,   0,   0, 
      0,   0,   0,   0,   0,   0, 
      0,   0,   0,   0,   0,   0, 
      0,   0,   0,   0,   0,   0, 
      0,   0,   0,   0,   0,   0, 
      0,   0,   0,   0,   0,   0, 
      0,   0,   0,   0,   0,   0, 
      0,   0,   0,   0,   0,   0, 
      0,   0,   0,   0,   0,   0, 
      0,   0,   0,   0,   0,   0, 
      0,   0,   0,   0,   0,   0, 
      0,   0,   0,   0,   0,   0, 
      0,   0,   0,   0,   0,   0, 
      0,   0,   0,   0,   0,   0, 
      0,   0,   0,   0,   0,   0, 
      0,   0,   0,   0,   0,   0, 
      0,   0,   0,   0,   0,   0, 
      0,   0,   0,   0,   0,   0, 
      0,   0,   0,   0,   0,   0, 
      0,   0,   0,   0,   0,   0, 
      0,   0,   0,   0,   0,   0, 
      0,   0,   0,   0,   0,   0, 
      0,   0,   0,   0,   0,   0, 
      0,   0,   0,   0,   0,   0, 
      0,   0,   0,   0,   0,   0, 
      0,   0,   0,   0,   0,   0, 
      0,   0,   0,   0,   0,   0, 
      0,   0,   0,   0,   0,   0, 
      0,   0,   0,   0,   0,   0, 
      0,   0,   0,   0,   0,   0, 
      0,   0,   0,   0,   0,   0, 
      0,   0,   0,   0,   0,   0, 
      0,   0,   0,   0,   0,   0, 
      0,   0,   0,   0,   0,   0, 
      0,   0,   0,   0,   0,   0, 
      0,   0,   0,   0,   0,   0, 
      0,   0,   0,   0,   0,   0, 
      0,   0,   0,   0,   0,   0, 
      0,   0,   0,   0,   0,   0, 
      0,   0,   0,   0,   0,   0, 
      0,   0,   0,   0,   0,   0, 
      0,   0,   0,   0,   0,   0, 
      0,   0,   0,   0,   0,   0, 
      0,   0,   0,   0,   0,   0, 
      0,   0,   0,   0,   0,   0, 
      0,   0,   0,   0,   0,   0, 
      0,   0,   0,   0,   0,   0, 
      0,   0,   0,   0,   0,   0, 
      0,   0,   0,   0,   0,   0, 
      0,   0,   0,   0,   0,   0, 
      0,   0,   0,   0,   0,   0, 
      0,   0,   0,   0,   0,   0, 
      0,   0,   0,   0,   0,   0, 
      0,   0,   0,   0,   0,   0, 
      0,   0,   0,   0,   0,   0, 
      0,   0,   0,   0,   0,   0, 
      0,   0,   0,   0,   0,   0, 
      0,   0,   0,   0,   0,   0, 
      0,   0,   0,   0, 192, 255, 
    255, 255, 255, 255, 255, 255, 
    255, 255, 255, 255, 255, 255, 
    255, 255, 255, 255, 255, 255, 
    255, 255, 255, 255, 255, 255, 
    255, 255, 255, 255, 255, 255, 
    255, 255, 255, 255, 255, 255, 
    255, 255, 255, 255, 255, 255, 
    255, 255, 255, 255, 255, 255, 
    255, 255, 255, 255, 255, 255, 
    255, 255, 255, 255, 255, 255, 
    255, 255, 255, 255, 255, 255, 
    255, 255, 255, 255, 255, 255, 
    255, 255, 255, 255, 255, 255, 
    255, 255, 255, 255, 255, 255, 
    255, 255, 255, 255, 255, 255, 
    255, 255, 255, 255, 255, 255, 
    255, 255, 255, 255, 255, 255, 
    255, 255, 255, 255, 255, 255, 
    255, 255, 255, 255, 255, 255, 
    255, 255, 255, 255, 255, 255, 
    255, 255, 255, 255, 255, 255, 
    255, 255, 255, 255, 255, 255, 
    255, 255, 255, 255, 255, 255, 
    255, 255, 255, 255, 255, 255, 
    255, 255, 255, 255, 255, 255, 
    255, 255, 255, 255, 255, 255, 
    255, 255, 255, 255, 255, 255, 
    255, 255, 255, 255, 255, 255, 
    255, 255, 255, 255, 255, 255, 
    255, 255, 255, 255, 255, 255, 
    255, 255, 255, 255, 255, 255, 
    255, 255, 255, 255, 255, 255, 
    255, 255, 255, 255, 255, 255, 
    255, 255, 255, 255, 255, 255, 
    255, 255, 255, 255, 255, 255, 
    255, 255, 255, 255, 255, 255, 
    255, 255, 255, 255, 255, 255, 
    255, 255, 255, 255, 255, 255, 
    255, 255, 255, 255, 255, 255, 
    255, 255, 255, 255, 255, 255, 
    255, 255, 255, 255, 255, 255, 
    255, 255, 255, 255, 255, 255, 
    255, 255, 255, 255, 255, 255, 
    255, 255, 255, 255, 255, 255, 
    255, 255, 255, 255, 255, 255, 
    255, 255, 255, 255, 255, 255, 
    255, 255, 255, 255, 255, 255, 
    255, 255, 255, 255, 255, 255, 
    255, 255, 255, 255, 255, 255, 
    255, 255, 255, 255, 255, 255, 
    255, 255, 255, 255, 255, 255, 
    255, 255, 255, 255, 255, 255, 
    255, 255, 255, 255, 255, 255, 
    255, 255, 255, 255, 255, 255, 
    255, 255, 255, 255, 255, 255, 
    255, 255, 255, 255, 255, 255, 
    255, 255, 255, 255, 255, 255, 
    255, 255, 255, 255, 255, 255, 
    255, 255, 255, 255, 255, 255, 
    255, 255, 255, 255, 255, 255, 
    255, 255, 255, 255, 255, 255, 
    255, 255, 255, 255, 255, 255, 
    255, 255, 255, 255, 255, 255, 
    255, 255, 255, 255, 255, 255, 
    255, 255, 255, 255, 255, 255, 
    255, 255, 255, 255, 255, 255, 
    255, 255, 255, 255, 255, 255, 
    255, 255, 255, 255, 255, 255, 
    255, 255, 255, 255, 255, 255, 
    255, 255, 255, 255, 255, 255, 
    255, 255, 255, 255, 255, 255, 
    255, 255, 255, 255, 255, 255, 
    255, 255, 255, 255, 255, 255, 
    255, 255, 255, 255, 255, 255, 
    255, 255, 255, 255, 255, 255, 
    255, 255, 255, 255, 255, 255, 
    255, 255, 255, 255, 255, 255, 
    255, 255, 255, 255, 255, 255, 
    255, 255, 255, 255, 255, 255, 
    255, 255, 255, 255, 255, 255, 
    255, 255, 255, 255, 255, 255, 
    255, 255, 255, 255, 255, 255, 
    255, 255, 255, 255, 255, 255, 
    255, 255, 255, 255, 255, 255, 
    255, 255, 255, 255, 255, 255, 
     56,   0,   0, 224, 255, 255, 
    255, 255, 255, 255, 255, 255, 
    255, 255, 255, 255, 255, 255, 
    255, 255, 255, 255, 255, 255, 
    255, 255, 255, 255, 255, 255, 
    255, 255, 255, 255, 255, 255, 
    255, 255, 255, 255, 255, 255, 
    255, 255, 255, 255, 255, 255, 
    255, 255, 255, 255, 255, 255, 
    255, 255, 255, 255, 255, 255, 
    255, 255, 255, 255, 255, 255, 
    255, 255, 255, 255, 255, 255, 
    255, 255, 255, 255, 255, 255, 
    255, 255, 255, 255, 255, 255, 
    255, 255, 255, 255, 255, 255, 
    255, 255, 255, 255, 255, 255, 
    255, 255, 255, 255, 255, 255, 
    255, 255, 255, 255, 255, 255, 
    255, 255, 255, 255, 255, 255, 
    255, 255, 255, 255, 255, 255, 
    255, 255, 255, 255, 255, 255, 
    255, 255, 255, 255, 255, 255, 
    255, 255, 255, 255, 255, 255, 
    255, 255, 255, 255, 255, 255, 
    255, 255, 255, 255, 255, 255, 
    255, 255, 255, 255, 255, 255, 
    255, 255, 255, 255, 255, 255, 
    255, 255, 255, 255, 255, 255, 
    255, 255, 255, 255, 255, 255, 
    255, 255, 255, 255, 255, 255, 
    255, 255, 255, 255, 255, 255, 
    255, 255, 255, 255, 255, 255, 
    255, 255, 255, 255, 255, 255, 
    255, 255, 255, 255, 255, 255, 
    255, 255, 255, 255, 255, 255, 
    255, 255, 255, 255, 255, 255, 
    255, 255, 255, 255, 255, 255, 
    255, 255, 255, 255, 255, 255, 
    255, 255, 255, 255, 255, 255, 
    255, 255, 255, 255, 255, 255, 
    255, 255, 255, 255, 255, 255, 
    255, 255, 255, 255, 255, 255, 
    255, 255, 255, 255, 255, 255, 
    255, 255, 255, 255, 255, 255, 
    255, 255, 255, 255, 255, 255, 
    255, 255, 255, 255, 255, 255, 
    255, 255, 255, 255, 255, 255, 
    255, 255, 255, 255, 255, 255, 
    255, 255, 255, 255, 255, 255, 
    255, 255, 255, 255, 255, 255, 
    255, 255, 255, 255, 255, 255, 
    255, 255, 255, 255, 255, 255, 
    255, 255, 255, 255, 255, 255, 
    255, 255, 255, 255, 255, 255, 
    255, 255, 255, 255, 255, 255, 
    255, 255, 255, 255, 255, 255, 
    255, 255, 255, 255, 255, 255, 
    255, 255, 255, 255, 255, 255, 
    255, 255, 255, 255, 255, 255, 
    255, 255, 255, 255, 255, 255, 
    255, 255, 255, 255, 255, 255, 
    255, 255, 255, 255, 255, 255, 
    255, 255, 255, 255, 255, 255, 
    255, 255, 255, 255, 255, 255, 
    255, 255, 255, 255, 255, 255, 
    255, 255, 255, 255, 255, 255, 
    255, 255, 255, 255, 255, 255, 
    255, 255, 255, 255, 255, 255, 
    255, 255, 255, 255, 255, 255, 
    255, 255, 255, 255, 255, 255, 
    255, 255, 255, 255, 255, 255, 
    255, 255, 255, 255, 255, 255, 
    255, 255, 255, 255, 255, 255, 
    255, 255, 255, 255, 255, 255, 
    255, 255, 255, 255, 255, 255, 
    255, 255, 255, 255, 255, 255, 
    255, 255, 255, 255, 255, 255, 
    255, 255, 255, 255, 255, 255, 
    255, 255, 255, 255, 255, 255, 
    255, 255, 255, 255, 255, 255, 
    255, 255, 255, 255, 255, 255, 
    255, 255, 255, 255, 255, 255, 
    255, 255, 255, 255, 255, 255, 
    255, 255, 255, 255, 255, 255, 
    255, 255, 255, 255, 255, 255, 
    255, 255,   5,   0,   0,   0, 
     32,   0,   0,   0,  60,   0, 
      0,   0,   0,   0,   0,   0, 
    255, 255, 255, 255,   0,   0, 
      0,   0,   6,   0,   0,   0, 
      5,   0,   0,   0,   0,   0, 
      0,   0,   0,   0,   0,   0, 
      0,   0,   0,   0,   0,   0, 
      0,   0,   0,   0,   0,   0, 
      0,   0,   0,   0,   0,   0, 
      0,   0,   0,   0,   0,   0, 
      0,   0,   0,   0,   0,   0, 
      0,   0,   0,   0,   0,   0, 
      0,   0,   0,   0,   0,   0, 
      0,   0,   0,   0,   0,   0, 
      0,   0,   0,   0,   0,   0, 
      0,   0,   0,   0,   0,   0, 
      0,   0,   0,   0,   0,   0, 
      0,   0,   0,   0,   0,   0, 
      0,   0,   0,   0,   0,   0, 
      0,   0,   0,   0,   0,   0, 
      0,   0,   0,   0,   0,   0, 
      0,   0,   0,   0,   0,   0, 
      0,   0,   0,   0,   0,   0, 
      0,   0,   0,   0,   0,   0, 
      0,   0,   0,   0,   0,   0, 
      0,   0,   0,   0,   0,   0, 
      0,   0,   0,   0,   0,   0, 
      0,   0,   0,   0,   0,   0, 
      0,   0,   0,   0,   0,   0, 
      0,   0,   0,   0,   0,   0, 
      0,   0,   0,   0,   0,   0, 
      0,   0,   0,   0,   0,   0, 
      0,   0,   0,   0,   0,   0, 
      0,   0,   0,   0,   0,   0, 
      0,   0,   0,   0,   0,   0, 
      0,   0,   0,   0,   0,   0, 
      0,   0,   0,   0,   0,   0, 
      0,   0,   0,   0,   0,   0, 
      0,   0,   0,   0,   0,   0, 
      0,   0,   0,   0,   0,   0, 
      0,   0,   0,   0,   0,   0, 
      0,   0,   0,   0,   0,   0, 
      0,   0,   0,   0,   0,   0, 
      0,   0,   0,   0,   0,   0, 
      0,   0,   0,   0,   0,   0, 
      0,   0,   0,   0,   0,   0, 
      0,   0,   0,   0,   0,   0, 
      0,   0,   0,   0,   0,   0, 
      0,   0,   0,   0,   0,   0, 
      0,   0,   0,   0,   0,   0, 
      0,   0,   0,   0,   0,   0, 
      0,   0,   0,   0,   0,   0, 
      0,   0,   0,   0,   0,   0, 
      0,   0,   0,   0,   0,   0, 
      0,   0,   0,   0,   0,   0, 
      0,   0,   0,   0,   0,   0, 
      0,   0,   0,   0,   0,   0, 
      0,   0,   0,   0,   0,   0, 
      0,   0,   0,   0,   0,   0, 
      0,   0,   0,   0,   0,   0, 
      0,   0,   0,   0,   0,   0, 
      0,   0,   0,   0,   0,   0, 
      0,   0,   0,   0,   0,   0, 
      0,   0,   0,   0,   0,   0, 
      0,   0,   0,   0,   0,   0, 
      0,   0,   0,   0,   0,   0, 
      0,   0,   0,   0,   0,   0, 
      0,   0,   0,   0,   0,   0, 
      0,   0,   0,   0,   0,   0, 
      0,   0,   0,   0,   0,   0, 
      0,   0,   0,   0,   0,   0, 
      0,   0,   0,   0,   0,   0, 
      0,   0,   0,   0,   0,   0, 
      0,   0,   0,   0,   0,   0, 
      0,   0,   0,   0,   0,   0, 
      0,   0,   0,   0,   0,   0, 
      0,   0,   0,   0,   0,   0, 
      0,   0,   0,   0,   0,   0, 
      0,   0,   0,   0,   0,   0, 
      0,   0,   0,   0,   0,   0, 
      0,   0,   0,   0,   0,   0, 
      0,   0,   0,   0,   0,   0, 
      0,   0,   0,   0,   0,   0, 
      0,   0,   0,   0,   0,   0, 
      0,   0,   0,   0,   3,   0, 
      0,   0,   0,   0,   0,   0, 
      0,   0,   0,   0,   0,   0, 
      0,   0,   0,   0,   0,   0, 
      0,   0,   0,   0,   0,   0, 
      0,   0,   0,   0,   0,   0, 
      0,   0,   0,   0,   0,   0, 
      0,   0,   0,   0,   0,   0, 
      0,   0,   0,   0,   0,   0, 
      0,   0,   0,   0,   0,   0, 
      0,   0,   0,   0,   0,   0, 
      0,   0,   0,   0,   0,   0, 
      0,   0,   0,   0,   0,   0, 
      0,   0,   0,   0,   0,   0, 
      0,   0,   0,   0,   0,   0, 
      0,   0,   0,   0,   0,   0, 
      0,   0,   0,   0,   0,   0, 
      0,   0,   0,   0,   0,   0, 
      0,   0,   0,   0,   0,   0, 
      0,   0,   0,   0,   0,   0, 
      0,   0,   0,   0,   0,   0, 
      0,   0,   0,   0,   0,   0, 
      0,   0,   0,   0,   0,   0, 
      0,   0,   0,   0,   0,   0, 
      0,   0,   0,   0,   0,   0, 
      0,   0,   0,   0,   0,   0, 
      0,   0,   0,   0,   0,   0, 
      0,   0,   0,   0,   0,   0, 
      0,   0,   0,   0,   0,   0, 
      0,   0,   0,   0,   0,   0, 
      0,   0,   0,   0,   0,   0, 
      0,   0,   0,   0,   0,   0, 
      0,   0,   0,   0,   0,   0, 
      0,   0,   0,   0,   0,   0, 
      0,   0,   0,   0,   0,   0, 
      0,   0,   0,   0,   0,   0, 
      0,   0,   0,   0,   0,   0, 
      0,   0,   0,   0,   0,   0, 
      0,   0,   0,   0,   0,   0, 
      0,   0,   0,   0,   0,   0, 
      0,   0,   0,   0,   0,   0, 
      0,   0,   0,   0,   0,   0, 
      0,   0,   0,   0,   0,   0, 
      0,   0,   0,   0,   0,   0, 
      0,   0,   0,   0,   0,   0, 
      0,   0,   0,   0,   0,   0, 
      0,   0,   0,   0,   0,   0, 
      0,   0,   0,   0,   0,   0, 
      0,   0,   0,   0,   0,   0, 
      0,   0,   0,   0,   0,   0, 
      0,   0,   0,   0,   0,   0, 
      0,   0,   0,   0,   0,   0, 
      0,   0,   0,   0,   0,   0, 
      0,   0,   0,   0,   0,   0, 
      0,   0,   0,   0,   0,   0, 
      0,   0,   0,   0,   0,   0, 
      0,   0,   0,   0,   0,   0, 
      0,   0,   0,   0,   0,   0, 
      0,   0,   0,   0,   0,   0, 
      0,   0,   0,   0,   0,   0, 
      0,   0,   0,   0,   0,   0, 
      0,   0,   0,   0,   0,   0, 
      0,   0,   0,   0,   0,   0, 
      0,   0,   0,   0,   0,   0, 
      0,   0,   0,   0,   0,   0, 
      0,   0,   0,   0,   0,   0, 
      0,   0,   0,   0,   0,   0, 
      0,   0,   0,   0,   0,   0, 
      0,   0,   0,   0,   0,   0, 
      0,   0,   0,   0,   0,   0, 
      0,   0,   0,   0,   0,   0, 
      0,   0,   0,   0,   0,   0, 
      0,   0,   0,   0,   0,   0, 
      0,   0,   0,   0,   0,   0, 
      0,   0,   0,   0,   0,   0, 
      0,   0,   0,   0,   0,   0, 
      0,   0,   0,   0,   0,   0, 
      0,   0,   0,   0,   0,   0, 
      0,   0,   0,   0,   0,   0, 
      0,   0,   0,   0,   0,   0, 
      0,   0,   0,   0,   0,   0, 
      0,   0,   0,   0,   0,   0, 
      0,   0,   0,   0,   0,   0, 
      0,   0,   0,   0,   0,   0, 
      0,   0,   0,   0,   0,   0, 
      0,   0,   0,   0,   0,   0, 
    148,  46,  49,   1, 209,  59, 
    153,  94,   1,   0,   0,   0, 
    127,   2,  48, 108, 110,  87, 
    158,  75, 171,  80, 180, 152, 
    168, 255, 234, 233,   0,   0, 
      0,   0,   0,   0,   0,   0, 
      1,   0,   0,   0,   1,   0, 
      0,   0,   0,   0,   0,   0, 
      0,   0,   0,   0,   0,   0, 
      0,   0, 220,  81,  51,   1, 
      0,   0,   0,   0,   0,   0, 
      0,   0,   0,   0,   0,   0, 
      0,   0,   0,   0,   0,   0, 
      0,   0,   0,   0,   0,   0, 
      0,   0,   0,   0,   0,   0, 
      0,   0,   0,   0,   0,   0, 
      0,   0,   0,   0,   0,   0, 
      0,   0,   0,   0,   0,   0, 
      0,   0,   0,   0,   0,   0, 
      0,   0,   0,   0,   0,   0, 
      0,   0,   0,   0,   0,   0, 
      0,   0,   0,   0,   0,   0, 
      0,   0,   0,   0,   0,   0, 
      0,   0,   0,   0,   0,   0, 
      0,   0,   0,   0,   0,   0, 
      0,   0,   0,   0,   0,   0, 
      0,   0,   0,   0,   0,   0, 
      0,   0,   0,   0,   0,   0, 
      0,   0,   0,   0,   0,   0, 
      0,   0,   0,   0,   0,   0, 
      0,   0,   0,   0,   0,   0, 
      0,   0,   0,   0,   0,   0, 
      0,   0,   0,   0,   0,   0, 
      0,   0,   0,   0,   0,   0, 
      0,   0,   0,   0,   0,   0, 
      0,   0,   0,   0,   0,   0, 
      0,   0,   0,   0,   0,   0, 
      0,   0,   0,   0,   0,   0, 
      0,   0,   0,   0,   0,   0, 
      0,   0,   0,   0,   0,   0, 
      0,   0,   0,   0,   0,   0, 
      0,   0,   0,   0,   0,   0, 
      0,   0,   0,   0,   0,   0, 
      0,   0,   0,   0,   0,   0, 
      0,   0,   0,   0,   0,   0, 
      0,   0,   0,   0,   0,   0, 
      0,   0,   0,   0,   0,   0, 
      0,   0,   0,   0,   0,   0, 
      0,   0,   0,   0,   0,   0, 
      0,   0,   0,   0,   0,   0, 
      0,   0,   0,   0,   0,   0, 
      0,   0,   0,   0,   0,   0, 
      0,   0,   0,   0,   0,   0, 
      0,   0,   0,   0,   0,   0, 
      0,   0,   0,   0,   0,   0, 
      0,   0,   0,   0,   0,   0, 
      0,   0,   0,   0,   0,   0, 
      0,   0,   0,   0,   0,   0, 
      0,   0,   0,   0,   0,   0, 
      0,   0,   0,   0,   0,   0, 
      0,   0,   0,   0,   0,   0, 
      0,   0,   0,   0,   0,   0, 
      0,   0,   0,   0,   0,   0, 
      0,   0,   0,   0,   0,   0, 
      0,   0,   0,   0,   0,   0, 
      0,   0,   0,   0,   0,   0, 
      0,   0,   0,   0,   0,   0, 
      0,   0,   0,   0,   0,   0, 
      0,   0,   0,   0,   0,   0, 
      0,   0,   0,   0,   0,   0, 
      0,   0,   0,   0,   0,   0, 
      0,   0,   0,   0,   0,   0, 
      0,   0,   0,   0,   0,   0, 
      0,   0,   0,   0,   0,   0, 
      0,   0,   0,   0,   0,   0, 
      0,   0,   0,   0,   0,   0, 
      0,   0,   0,   0,   0,   0, 
      0,   0,   0,   0,   0,   0, 
      0,   0,   0,   0,   0,   0, 
      0,   0,   0,   0,   0,   0, 
      0,   0,   0,   0,   0,   0, 
      0,   0,   0,   0,   0,   0, 
      0,   0,   0,   0,   0,   0, 
      0,   0,   0,   0,   0,   0, 
      0,   0,   0,   0,   0,   0, 
      0,   0,  79,  82,  68,  59, 
     13,  10, 125,  59,  13,  10, 
     13,  10, 115, 116, 114, 117, 
     99, 116,  32,  80, 105, 120, 
    101, 108,  13,  10, 123,  13, 
     10,   9, 102, 108, 111,  97, 
    116,  52,  32,  67, 111, 108, 
    111, 114,  32,  58,  32,  83, 
     86,  95,  84,  97, 114, 103, 
    101, 116,  48,  59,  13,  10, 
    125,  59,  13,  10,  13,  10, 
     84, 101, 120, 116, 117, 114, 
    101,  50,  68,  60, 102, 108, 
    111,  97, 116,  52,  62,  32, 
    103,  72,  68,  82,  83, 111, 
    117, 114,  99, 101,  32,  58, 
     32, 114, 101, 103, 105, 115, 
    116, 101, 114,  40,  32, 116, 
     48,  32,  41,  59,  13,  10, 
     83,  97, 109, 112, 108, 101, 
    114,  83, 116,  97, 116, 101, 
     32, 103,  83,  97, 109, 112, 
    108, 101, 114,  32,  58,  32, 
    114, 101, 103, 105, 115, 116, 
    101, 114,  40,  32, 115,  48, 
     32,  41,  59,  13,  10,  67, 
    111, 110, 115, 116,  97, 110, 
    116,  66, 117, 102, 102, 101, 
    114,  60,  72,  68,  82,  67, 
    111, 110, 115, 116,  97, 110, 
    116, 115,  62,  32, 103,  72, 
     68,  82,  67, 111, 110, 115, 
    116,  97, 110, 116, 115,  32, 
     58,  32, 114, 101, 103, 105, 
    115, 116, 101, 114,  40,  32, 
     98,  48,  32,  41,  59,  13, 
     10,  13,  10, 102, 108, 111, 
     97, 116,  52,  32,  84, 111, 
    110, 101,  77,  97, 112, 112, 
    105, 110, 103,  40,  32, 102, 
    108, 111,  97, 116,  52,  32, 
     67, 111, 108, 111, 114,  44, 
     32, 102, 108, 111,  97, 116, 
     32,  65, 118, 103,  76, 117, 
    109,  44,  32, 102, 108, 111, 
     97, 116,  32,  71,  97, 109, 
    109,  97,  86,  97, 108, 117, 
    101,  32,  61,  32,  50,  46, 
     50, 102,  44,  32, 102, 108, 
    111,  97, 116,  32,  71,  97, 
    109, 109,  97,  73, 110, 118, 
     32,  61,  32,  50,  46,  50, 
    102,  32,  41,  13,  10, 123, 
     13,  10,   9, 102, 108, 111, 
     97, 116,  32,  77, 105, 100, 
    100, 108, 101,  71, 114, 101, 
    121,  32,  61,  32,  49,  46, 
     53, 102,  59,  13,  10,   9, 
    102, 108, 111,  97, 116,  32, 
     76, 117, 109,  87, 104, 105, 
    116, 101,  83, 113, 114,  32, 
     61,  32,  51,  46,  48, 102, 
     59,  13,  10,  13,  10,   9, 
    102, 108, 111,  97, 116,  32, 
     76,  83,  99,  97, 108, 101, 
     32,  61,  32,  67,  97, 108, 
     99,  76, 117, 109,  40,  32, 
     67, 111, 108, 111, 114,  46, 
    120, 121, 122,  32,  41,  59, 
     13,  10,   9,  76,  83,  99, 
     97, 108, 101,  32,  42,  61, 
     32,  77, 105, 100, 100, 108, 
    101,  71, 114, 101, 121,  32, 
     47,  32,  65, 118, 103,  76, 
    117, 109,  59,  13,  10,   9, 
     76,  83,  99,  97, 108, 101, 
     32,  61,  32,  40,  32,  76, 
     83,  99,  97, 108, 101,  32, 
     43,  32,  76,  83,  99,  97, 
    108, 101,  32,  42,  32,  76, 
     83,  99,  97, 108, 101,  32, 
     47,  32,  76, 117, 109,  87, 
    104, 105, 116, 101,  83, 113, 
    114,  32,  41,  32,  47,  32, 
     40,  32,  49,  46,  48, 102, 
     32,  43,  32,  76, 198,  90, 
      0,   0, 117, 131,   1,   0, 
    202,  23,   2,   0, 174, 110, 
      1,   0,  38, 247,   2,   0, 
    241, 208,   3,   0, 162, 188, 
      0,   0,  49, 251,   3,   0, 
    168, 209,   0,   0, 177, 210, 
      1,   0, 206,  55,   0,   0, 
     57, 206,   1,   0, 187, 121, 
      0,   0,  90,  28,   0,   0, 
    177, 197,   0,   0,   0,  16, 
      0,   0,   0,   0,   0,   0, 
      0,   0,   0,   0,   0,   0, 
      0,   0,   0,   0,   0,   0, 
      0,   0,   0,   0,   0,   0, 
      0,   0,   0,   0,   0,   0, 
      0,   0,   0,   0,   0,   0, 
      0,   0,   0,   0,   0,   0, 
      0,   0,   0,   0,   0,   0, 
      0,   0,   0,   0,   0,   0, 
      0,   0,   0,   0,   0,   0, 
      0,   0,   0,   0,   0,   0, 
      0,   0,   0,   0,   0,   0, 
      0,   0,   0,   0,   0,   0, 
      0,   0,   0,   0,   0,   0, 
      0,   0,   0,   0,   0,   0, 
      0,   0,   0,   0,   0,   0, 
      0,   0,   0,   0,   0,   0, 
      0,   0,   0,   0,   0,   0, 
      0,   0,   0,   0,   0,   0, 
      0,   0,   0,   0,   0,   0, 
      0,   0,   0,   0,   0,   0, 
      0,   0,   0,   0,   0,   0, 
      0,   0,   0,   0,   0,   0, 
      0,   0,   0,   0,   0,   0, 
      0,   0,   0,   0,   0,   0, 
      0,   0,   0,   0,   0,   0, 
      0,   0,   0,   0,   0,   0, 
      0,   0,   0,   0,   0,   0, 
      0,   0,   0,   0,   0,   0, 
      0,   0,   0,   0,   0,   0, 
      0,   0,   0,   0,   0,   0, 
      0,   0,   0,   0,   0,   0, 
      0,   0,   0,   0,   0,   0, 
      0,   0,   0,   0,   0,   0, 
      0,   0,   0,   0,   0,   0, 
      0,   0,   0,   0,   0,   0, 
      0,   0,   0,   0,   0,   0, 
      0,   0,   0,   0,   0,   0, 
      0,   0,   0,   0,   0,   0, 
      0,   0,   0,   0,   0,   0, 
      0,   0,   0,   0,   0,   0, 
      0,   0,   0,   0,   0,   0, 
      0,   0,   0,   0,   0,   0, 
      0,   0,   0,   0,   0,   0, 
      0,   0,   0,   0,   0,   0, 
      0,   0,   0,   0,   0,   0, 
      0,   0,   0,   0,   0,   0, 
      0,   0,   0,   0,   0,   0, 
      0,   0,   0,   0,   0,   0, 
      0,   0,   0,   0,   0,   0, 
      0,   0,   0,   0,   0,   0, 
      0,   0,   0,   0,   0,   0, 
      0,   0,   0,   0,   0,   0, 
      0,   0,   0,   0,   0,   0, 
      0,   0,   0,   0,   0,   0, 
      0,   0,   0,   0,   0,   0, 
      0,   0,   0,   0,   0,   0, 
      0,   0,   0,   0,   0,   0, 
      0,   0,   0,   0,   0,   0, 
      0,   0,   0,   0,   0,   0, 
      0,   0,   0,   0,   0,   0, 
      0,   0,   0,   0,   0,   0, 
      0,   0,   0,   0,   0,   0, 
      0,   0,   0,   0,   0,   0, 
      0,   0,   0,   0,   0,   0, 
      0,   0,   0,   0,   0,   0, 
      0,   0,   0,   0,   0,   0, 
      0,   0,   0,   0,   0,   0, 
      0,   0,   0,   0,   0,   0, 
      0,   0,   0,   0,   0,   0, 
      0,   0,   0,   0,   0,   0, 
      0,   0,   0,   0,   0,   0, 
      0,   0,   0,   0,   0,   0, 
      0,   0,   0,   0,   0,   0, 
      0,   0,   0,   0,   0,   0, 
     35, 105, 110,  99, 108, 117, 
    100, 101,  32,  34,  72,  68, 
     82,  46, 104, 108, 115, 108, 
    105,  34,  13,  10,  35, 105, 
    110,  99, 108, 117, 100, 101, 
     32,  34,  71,  97, 109, 109, 
     97,  72, 101, 108, 112, 101, 
    114,  46, 104, 108, 115, 108, 
    105,  34,  13,  10,  13,  10, 
    115, 116, 114, 117,  99, 116, 
     32,  70, 114,  97, 103, 109, 
    101, 110, 116,  13,  10, 123, 
     13,  10,   9, 102, 108, 111, 
     97, 116,  52,  32,  80, 111, 
    115,  72,  32,  58,  32,  83, 
     86,  95,  80, 111, 115, 105, 
    116, 105, 111, 110,  59,  13, 
     10,   9, 102, 108, 111,  97, 
    116,  50,  32,  84, 101, 120, 
     32,  58,  32,  84,  69,  88, 
     67,  79,  79,  82,  68,  59, 
     13,  10, 125,  59,  13,  10, 
     13,  10, 115, 116, 114, 117, 
     99, 116,  32,  80, 105, 120, 
    101, 108,  13,  10, 123,  13, 
     10,   9, 102, 108, 111,  97, 
    116,  52,  32,  67, 111, 108, 
    111, 114,  32,  58,  32,  83, 
     86,  95,  84,  97, 114, 103, 
    101, 116,  48,  59,  13,  10, 
    125,  59,  13,  10,  13,  10, 
     84, 101, 120, 116, 117, 114, 
    101,  50,  68,  60, 102, 108, 
    111,  97, 116,  52,  62,  32, 
    103,  72,  68,  82,  83, 111, 
    117, 114,  99, 101,  32,  58, 
     32, 114, 101, 103, 105, 115, 
    116, 101, 114,  40,  32, 116, 
     48,  32,  41,  59,  13,  10, 
     83,  97, 109, 112, 108, 101, 
    114,  83, 116,  97, 116, 101, 
     32, 103,  83,  97, 109, 112, 
    108, 101, 114,  32,  58,  32, 
    114, 101, 103, 105, 115, 116, 
    101, 114,  40,  32, 115,  48, 
     32,  41,  59,  13,  10,  67, 
    111, 110, 115, 116,  97, 110, 
    116,  66, 117, 102, 102, 101, 
    114,  60,  72,  68,  82,  67, 
    111, 110, 115, 116,  97, 110, 
    116, 115,  62,  32, 103,  72, 
     68,  82,  67, 111, 110, 115, 
    116,  97, 110, 116, 115,  32, 
     58,  32, 114, 101, 103, 105, 
    115, 116, 101, 114,  40,  32, 
     98,  48,  32,  41,  59,  13, 
     10,  13,  10, 102, 108, 111, 
     97, 116,  52,  32,  84, 111, 
    110, 101,  77,  97, 112, 112, 
    105, 110, 103,  40,  32, 102, 
    108, 111,  97, 116,  52,  32, 
     67, 111, 108, 111, 114,  44, 
     32, 102, 108, 111,  97, 116, 
     32,  65, 118, 103,  76, 117, 
    109,  44,  32, 102, 108, 111, 
     97, 116,  32,  71,  97, 109, 
    109,  97,  86,  97, 108, 117, 
    101,  32,  61,  32,  50,  46, 
     50, 102,  44,  32, 102, 108, 
    111,  97, 116,  32,  71,  97, 
    109, 109,  97,  73, 110, 118, 
     32,  61,  32,  50,  46,  50, 
    102,  32,  41,  13,  10, 123, 
     13,  10,   9, 102, 108, 111, 
     97, 116,  32,  77, 105, 100, 
    100, 108, 101,  71, 114, 101, 
    121,  32,  61,  32,  49,  46, 
     53, 102,  59,  13,  10,   9, 
    102, 108, 111,  97, 116,  32, 
     76, 117, 109,  87, 104, 105, 
    116, 101,  83, 113, 114,  32, 
     61,  32,  51,  46,  48, 102, 
     59,  13,  10,  13,  10,   9, 
    102, 108, 111,  97, 116,  32, 
     76,  83,  99,  97, 108, 101, 
     32,  61,  32,  67,  97, 108, 
     99,  76, 117, 109,  40,  32, 
     67, 111, 108, 111, 114,  46, 
    120, 121, 122,  32,  41,  59, 
     13,  10,   9,  76,  83,  99, 
     97, 108, 101,  32,  42,  61, 
     32,  77, 105, 100, 100, 108, 
    101,  71, 114, 101, 121,  32, 
     47,  32,  65, 118, 103,  76, 
    117, 109,  59,  13,  10,   9, 
     76,  83,  99,  97, 108, 101, 
     32,  61,  32,  40,  32,  76, 
     83,  99,  97, 108, 101,  32, 
     43,  32,  76,  83,  99,  97, 
    108, 101,  32,  42,  32,  76, 
     83,  99,  97, 108, 101,  32, 
     47,  32,  76, 117, 109,  87, 
    104, 105, 116, 101,  83, 113, 
    114,  32,  41,  32,  47,  32, 
     40,  32,  49,  46,  48, 102, 
     32,  43,  32,  76,  83,  99, 
     97, 108, 101,  32,  41,  59, 
     13,  10,  13,  10,   9, 102, 
    108, 111,  97, 116,  51,  32, 
     99, 111, 108, 111, 114,  32, 
     61,  32, 112, 111, 119,  40, 
     32,  67, 111, 108, 111, 114, 
     46, 120, 121, 122,  44,  32, 
     71,  97, 109, 109,  97,  86, 
     97, 108, 117, 101,  32,  41, 
     59,  13,  10,   9,  99, 111, 
    108, 111, 114,  46, 120, 121, 
    122,  32,  61,  32,  99, 111, 
    108, 111, 114,  46, 120, 121, 
    122,  32,  42,  32,  76,  83, 
     99,  97, 108, 101,  59,  13, 
     10,   9,  99, 111, 108, 111, 
    114,  32,  61,  32, 112, 111, 
    119,  40,  32,  99, 111, 108, 
    111, 114,  44,  32,  71,  97, 
    109, 109,  97,  73, 110, 118, 
     32,  41,  59,  13,  10,   9, 
    114, 101, 116, 117, 114, 110, 
     32, 102, 108, 111,  97, 116, 
     52,  40,  32,  99, 111, 108, 
    111, 114,  44,  32,  67, 111, 
    108, 111, 114,  46, 119,  32, 
     41,  59,  13,  10, 125,  13, 
     10,  13,  10,  80, 105, 120, 
    101, 108,  32, 109,  97, 105, 
    110,  40,  32,  70, 114,  97, 
    103, 109, 101, 110, 116,  32, 
    112,  73, 110,  32,  41,  13, 
     10, 123,  13,  10,   9,  80, 
    105, 120, 101, 108,  32, 112, 
    120,  59,  13,  10,  13,  10, 
      9, 112, 120,  46,  67, 111, 
    108, 111, 114,  32,  61,  32, 
    103,  72,  68,  82,  83, 111, 
    117, 114,  99, 101,  46,  83, 
     97, 109, 112, 108, 101,  40, 
     32, 103,  83,  97, 109, 112, 
    108, 101, 114,  44,  32, 112, 
     73, 110,  46,  84, 101, 120, 
     32,  41,  59,  13,  10,   9, 
     47,  47, 105, 102,  32,  40, 
     32, 112, 120,  46,  67, 111, 
    108, 111, 114,  46, 119,  32, 
     60,  32,  48,  46,  53, 102, 
     32,  41,  13,  10,   9,   9, 
     47,  47, 112, 120,  46,  67, 
    111, 108, 111, 114,  32,  61, 
     32,  84, 111, 110, 101,  77, 
     97, 112, 112, 105, 110, 103, 
     40,  32, 112, 120,  46,  67, 
    111, 108, 111, 114,  44,  32, 
    103,  72,  68,  82,  67, 111, 
    110, 115, 116,  97, 110, 116, 
    115,  46,  65, 118, 101, 114, 
     97, 103, 101,  76, 117, 109, 
     44,  32,  49,  46,  48, 102, 
     44,  32,  49,  46,  48, 102, 
     32,  41,  59,  13,  10,   9, 
     13,  10,   9, 114, 101, 116, 
    117, 114, 110,  32, 112, 120, 
     59,  13,  10, 125,  35, 105, 
    102,  32,  33, 100, 101, 102, 
    105, 110, 101, 100,  40,  32, 
     95,  95,  72,  68,  82,  95, 
     72,  76,  83,  76,  73,  95, 
     95,  32,  41,  13,  10,  35, 
    100, 101, 102, 105, 110, 101, 
     32,  95,  95,  72,  68,  82, 
     95,  72,  76,  83,  76,  73, 
     95,  95,  13,  10,  13,  10, 
    115, 116, 114, 117,  99, 116, 
     32,  72,  68,  82,  67, 111, 
    110, 115, 116,  97, 110, 116, 
    115,  13,  10, 123,  13,  10, 
      9, 102, 108, 111,  97, 116, 
     32,  65, 118, 101, 114,  97, 
    103, 101,  76, 117, 109,  59, 
     13,  10, 125,  59,  13,  10, 
     13,  10, 102, 108, 111,  97, 
    116,  32,  67,  97, 108,  99, 
     76, 117, 109,  40,  32, 102, 
    108, 111,  97, 116,  51,  32, 
    118,  97, 108, 117, 101,  32, 
     41,  13,  10, 123,  13,  10, 
      9,  99, 111, 110, 115, 116, 
     32, 102, 108, 111,  97, 116, 
     51,  32, 108, 117, 109,  32, 
     61,  32, 102, 108, 111,  97, 
    116,  51,  40,  32,  48,  46, 
     50,  57,  57, 102,  44,  32, 
     48,  46,  53,  56,  55, 102, 
     44,  32,  48,  46,  49,  49, 
     52, 102,  32,  41,  59,  13, 
     10,   9, 114, 101, 116, 117, 
    114, 110,  32, 100, 111, 116, 
     40,  32, 118,  97, 108, 117, 
    101,  44,  32, 108, 117, 109, 
     32,  41,  59,  13,  10, 125, 
     13,  10,  13,  10,  35, 101, 
    110, 100, 105, 102,   0,   0, 
      0,   0,   0,   0,   0,   0, 
      0,   0,   0,   0,   0,   0, 
      0,   0,   0,   0,   0,   0, 
      0,   0,   0,   0,   0,   0, 
      0,   0,   0,   0,   0,   0, 
      0,   0,   0,   0,   0,   0, 
      0,   0,   0,   0,   0,   0, 
      0,   0,   0,   0,   0,   0, 
      0,   0,   0,   0,   0,   0, 
      0,   0,   0,   0,   0,   0, 
      0,   0,   0,   0,   0,   0, 
      0,   0,   0,   0,   0,   0, 
      0,   0,   0,   0,   0,   0, 
      0,   0,   0,   0,   0,   0, 
      0,   0,   0,   0,   0,   0, 
      0,   0,   0,   0,   0,   0, 
      0,   0,   0,   0,   0,   0, 
      0,   0,   0,   0,   0,   0, 
      0,   0,   0,   0,   0,   0, 
      0,   0,   0,   0,   0,   0, 
      0,   0,   0,   0,   0,   0, 
      0,   0,   0,   0,   0,   0, 
      0,   0,   0,   0,   0,   0, 
      0,   0,   0,   0,   0,   0, 
      0,   0,   0,   0,   0,   0, 
      0,   0,   0,   0,   0,   0, 
      0,   0,   0,   0,   0,   0, 
      0,   0,   0,   0,   0,   0, 
      0,   0,   0,   0,   0,   0, 
      0,   0,   0,   0,   0,   0, 
      0,   0,   0,   0,   0,   0, 
      0,   0,   0,   0,   0,   0, 
      0,   0,   0,   0,   0,   0, 
      0,   0,   0,   0,   0,   0, 
      0,   0,   0,   0,   0,   0, 
      0,   0,   0,   0,   0,   0, 
      0,   0,   0,   0,   0,   0, 
      0,   0,   0,   0,   0,   0, 
      0,   0,   0,   0,   0,   0, 
      0,   0,   0,   0,   0,   0, 
      0,   0,   0,   0,   0,   0, 
      0,   0,   0,   0,   0,   0, 
      0,   0,   0,   0,   0,   0, 
      0,   0,   0,   0,   0,   0, 
      0,   0,   0,   0,   0,   0, 
      0,   0,   0,   0,   0,   0, 
     35, 105, 102,  32,  33, 100, 
    101, 102, 105, 110, 101, 100, 
     40,  32,  95,  95,  71,  65, 
     77,  77,  65,  72,  69,  76, 
     80,  69,  82,  95,  72,  76, 
     83,  76,  73,  95,  95,  32, 
     41,  13,  10,  13,  10, 102, 
    108, 111,  97, 116,  52,  32, 
     84, 111,  71,  97, 109, 109, 
     97,  83, 112,  97,  99, 101, 
     40,  32, 102, 108, 111,  97, 
    116,  52,  32, 108, 105, 110, 
    101,  97, 114,  83, 112,  97, 
     99, 101,  67, 111, 108, 111, 
    114,  44,  32, 102, 108, 111, 
     97, 116,  32, 103,  97, 109, 
    109,  97,  86,  97, 108, 117, 
    101,  32,  61,  32,  50,  46, 
     50, 102,  32,  41,  13,  10, 
    123,  13,  10,   9, 114, 101, 
    116, 117, 114, 110,  32, 112, 
    111, 119,  40,  32, 108, 105, 
    110, 101,  97, 114,  83, 112, 
     97,  99, 101,  67, 111, 108, 
    111, 114,  44,  32,  49,  32, 
     47,  32, 103,  97, 109, 109, 
     97,  86,  97, 108, 117, 101, 
     32,  41,  59,  13,  10, 125, 
     13,  10,  13,  10, 102, 108, 
    111,  97, 116,  52,  32,  84, 
    111,  76, 105, 110, 101,  97, 
    114,  83, 112,  97,  99, 101, 
     40,  32, 102, 108, 111,  97, 
    116,  52,  32, 103,  97, 109, 
    109,  97,  83, 112,  97,  99, 
    101,  67, 111, 108, 111, 114, 
     44,  32, 102, 108, 111,  97, 
    116,  32, 103,  97, 109, 109, 
     97,  86,  97, 108, 117, 101, 
     32,  61,  32,  50,  46,  50, 
    102,  32,  41,  13,  10, 123, 
     13,  10,   9, 114, 101, 116, 
    117, 114, 110,  32, 112, 111, 
    119,  40,  32, 103,  97, 109, 
    109,  97,  83, 112,  97,  99, 
    101,  67, 111, 108, 111, 114, 
     44,  32, 103,  97, 109, 109, 
     97,  86,  97, 108, 117, 101, 
     32,  41,  59,  13,  10, 125, 
     13,  10,  13,  10,  35, 101, 
    110, 100, 105, 102,   0,   0, 
      0,   0,   0,   0,   0,   0, 
      0,   0,   0,   0,   0,   0, 
      0,   0,   0,   0,   0,   0, 
      0,   0,   0,   0,   0,   0, 
      0,   0,   0,   0,   0,   0, 
      0,   0,   0,   0,   0,   0, 
      0,   0,   0,   0,   0,   0, 
      0,   0,   0,   0,   0,   0, 
      0,   0,   0,   0,   0,   0, 
      0,   0,   0,   0,   0,   0, 
      0,   0,   0,   0,   0,   0, 
      0,   0,   0,   0,   0,   0, 
      0,   0,   0,   0,   0,   0, 
      0,   0,   0,   0,   0,   0, 
      0,   0,   0,   0,   0,   0, 
      0,   0,   0,   0,   0,   0, 
      0,   0,   0,   0,   0,   0, 
      0,   0,   0,   0,   0,   0, 
      0,   0,   0,   0,   0,   0, 
      0,   0,   0,   0,   0,   0, 
      0,   0,   0,   0,   0,   0, 
      0,   0,   0,   0,   0,   0, 
      0,   0,   0,   0,   0,   0, 
      0,   0,   0,   0,   0,   0, 
      0,   0,   0,   0,   0,   0, 
      0,   0,   0,   0,   0,   0, 
      0,   0,   0,   0,   0,   0, 
      0,   0,   0,   0,   0,   0, 
      0,   0,   0,   0,   0,   0, 
      0,   0,   0,   0,   0,   0, 
      0,   0,   0,   0,   0,   0, 
      0,   0,   0,   0,   0,   0, 
      0,   0,   0,   0,   0,   0, 
      0,   0,   0,   0,   0,   0, 
      0,   0, 254, 239, 254, 239, 
      1,   0,   0,   0, 151,   7, 
      0,   0,   0,  67,  58,  92, 
     85, 115, 101, 114, 115,  92, 
    119, 107, 100, 103, 104,  92, 
    115, 111, 117, 114,  99, 101, 
     92, 114, 101, 112, 111, 115, 
     92,  83,  67,  46,  71,  97, 
    109, 101,  92,  83,  67,  46, 
     71,  97, 109, 101,  92,  84, 
    111, 110, 101,  77,  97, 112, 
    112, 105, 110, 103,  80, 105, 
    120, 101, 108,  83, 104,  97, 
    100, 101, 114,  46, 104, 108, 
    115, 108,   0,   0,  99,  58, 
     92, 117, 115, 101, 114, 115, 
     92, 119, 107, 100, 103, 104, 
     92, 115, 111, 117, 114,  99, 
    101,  92, 114, 101, 112, 111, 
    115,  92, 115,  99,  46, 103, 
     97, 109, 101,  92, 115,  99, 
     46, 103,  97, 109, 101,  92, 
    116, 111, 110, 101, 109,  97, 
    112, 112, 105, 110, 103, 112, 
    105, 120, 101, 108, 115, 104, 
     97, 100, 101, 114,  46, 104, 
    108, 115, 108,   0,  67,  58, 
     92,  85, 115, 101, 114, 115, 
     92, 119, 107, 100, 103, 104, 
     92, 115, 111, 117, 114,  99, 
    101,  92, 114, 101, 112, 111, 
    115,  92,  83,  67,  46,  71, 
     97, 109, 101,  92,  83,  67, 
     46,  71,  97, 109, 101,  92, 
     72,  68,  82,  46, 104, 108, 
    115, 108, 105,   0,  99,  58, 
     92, 117, 115, 101, 114, 115, 
     92, 119, 107, 100, 103, 104, 
     92, 115, 111, 117, 114,  99, 
    101,  92, 114, 101, 112, 111, 
    115,  92, 115,  99,  46, 103, 
     97, 109, 101,  92, 115,  99, 
     46, 103,  97, 109, 101,  92, 
    104, 100, 114,  46, 104, 108, 
    115, 108, 105,   0,  67,  58, 
     92,  85, 115, 101, 114, 115, 
     92, 119, 107, 100, 103, 104, 
     92, 115, 111, 117, 114,  99, 
    101,  92, 114, 101, 112, 111, 
    115,  92,  83,  67,  46,  71, 
     97, 109, 101,  92,  83,  67, 
     46,  71,  97, 109, 101,  92, 
     71,  97, 109, 109,  97,  72, 
    101, 108, 112, 101, 114,  46, 
    104, 108, 115, 108, 105,   0, 
     99,  58,  92, 117, 115, 101, 
    114, 115,  92, 119, 107, 100, 
    103, 104,  92, 115, 111, 117, 
    114,  99, 101,  92, 114, 101, 
    112, 111, 115,  92, 115,  99, 
     46, 103,  97, 109, 101,  92, 
    115,  99,  46, 103,  97, 109, 
    101,  92, 103,  97, 109, 109, 
     97, 104, 101, 108, 112, 101, 
    114,  46, 104, 108, 115, 108, 
    105,   0,  35, 105, 110,  99, 
    108, 117, 100, 101,  32,  34, 
     72,  68,  82,  46, 104, 108, 
    115, 108, 105,  34,  13,  10, 
     35, 105, 110,  99, 108, 117, 
    100, 101,  32,  34,  71,  97, 
    109, 109,  97,  72, 101, 108, 
    112, 101, 114,  46, 104, 108, 
    115, 108, 105,  34,  13,  10, 
     13,  10, 115, 116, 114, 117, 
     99, 116,  32,  70, 114,  97, 
    103, 109, 101, 110, 116,  13, 
     10, 123,  13,  10,   9, 102, 
    108, 111,  97, 116,  52,  32, 
     80, 111, 115,  72,  32,  58, 
     32,  83,  86,  95,  80, 111, 
    115, 105, 116, 105, 111, 110, 
     59,  13,  10,   9, 102, 108, 
    111,  97, 116,  50,  32,  84, 
    101, 120,  32,  58,  32,  84, 
     69,  88,  67,  79,  27, 226, 
     48,   1, 216,   0,   0,   0, 
    219,  23,  93, 111, 119,  20, 
    214,   1,   1,   0,   0,   0, 
      0,   0,   0,   0,   0,   0, 
      0,   0,   0,   0,   0,   0, 
      0,   0,   0,   0,   0,   0, 
      0,   0,   0,   0,   0,   0, 
      0,   0,   0,   0,   0,   0, 
      0,   0,   0,   0,   0,   0, 
      0,   0,   0,   0,   0,   0, 
      0,   0,   3,   0,   0,   0, 
      6,   0,   0,   0,   1,   0, 
      0,   0,  28,   0,   0,   0, 
      0,   0,   0,   0, 200,   0, 
      0,   0,  40,   0,   0,   0, 
     27, 226,  48,   1, 123, 173, 
     22,  24, 234,   0,   0,   0, 
    146,   0,   0,   0,  73,   0, 
      0,   0, 200,   0,   0,   0, 
      0,   0,   0,   0,   0,   0, 
      0,   0,   0,   0,   0,   0, 
     74,   0,   0,   0,  40,   0, 
      0,   0,  27, 226,  48,   1, 
     81, 106, 193, 119,   0,   4, 
      0,   0,   1,   0,   0,   0, 
     73,   0,   0,   0,  74,   0, 
      0,   0,   0,   0,   0,   0, 
      0,   0,   0,   0,   0,   0, 
      0,   0,  60,   1,   0,   0, 
     40,   0,   0,   0,  27, 226, 
     48,   1, 244,  25,  91,  45, 
     48,   1,   0,   0, 254,   0, 
      0,   0,  73,   0,   0,   0, 
     60,   1,   0,   0,   0,   0, 
      0,   0,   0,   0,   0,   0, 
      0,   0,   0,   0,   0,   0, 
      0,   0,   0,   0,   0,   0, 
      0,   0,   0,   0,   0,   0, 
      0,   0,   0,   0,   0,   0, 
      0,   0,   0,   0,   0,   0, 
      0,   0,   0,   0,   0,   0, 
      0,   0,   0,   0,   0,   0, 
      0,   0,   0,   0,   0,   0, 
      0,   0,   0,   0,   0,   0, 
      0,   0,   0,   0,   0,   0, 
      0,   0,   0,   0,   0,   0, 
      0,   0,   0,   0,   0,   0, 
      0,   0,   0,   0,   0,   0, 
      0,   0,   0,   0,   0,   0, 
      0,   0,   0,   0,   0,   0, 
      0,   0,   0,   0,   0,   0, 
      0,   0,   0,   0,   0,   0, 
      0,   0,   0,   0,   0,   0, 
      0,   0,   0,   0,   0,   0, 
      0,   0,   0,   0,   0,   0, 
      0,   0,   0,   0,   0,   0, 
      0,   0,   0,   0,   0,   0, 
      0,   0,   0,   0,   0,   0, 
      0,   0,   0,   0,   0,   0, 
      0,   0,   0,   0,   0,   0, 
      0,   0,   0,   0,   0,   0, 
      0,   0,   0,   0,   0,   0, 
      0,   0,   0,   0,   0,   0, 
      0,   0,   0,   0,   0,   0, 
      0,   0,   0,   0,   0,   0, 
      0,   0,   0,   0,   0,   0, 
      0,   0,   0,   0,   0,   0, 
      0,   0,   0,   0,   0,   0, 
      0,   0,   0,   0,   0,   0, 
      0,   0,   0,   0,   0,   0, 
      0,   0,   0,   0,   0,   0, 
      0,   0,   0,   0,   0,   0, 
      0,   0,   0,   0,   0,   0, 
      0,   0,   0,   0,   0,   0, 
      0,   0,   0,   0,   0,   0, 
      0,   0,   0,   0,   0,   0, 
      0,   0,   0,   0,   0,   0, 
      0,   0,   0,   0,   0,   0, 
      0,   0,   0,   0,   0,   0, 
      0,   0,   0,   0,   0,   0, 
      0,   0,   0,   0,   0,   0, 
      0,   0,   0,   0,   0,   0, 
      0,   0,   0,   0,   0,   0, 
      0,   0,   0,   0,   0,   0, 
      0,   0,   0,   0,   0,   0, 
      4,   0,   0,   0,  66,   0, 
     60,  17,  16,   1,   0,   0, 
      0,   1,  10,   0,   1,   0, 
      1,   0, 186,  71,  10,   0, 
      1,   0,   1,   0, 186,  71, 
     77, 105,  99, 114, 111, 115, 
    111, 102, 116,  32,  40,  82, 
     41,  32,  72,  76,  83,  76, 
     32,  83, 104,  97, 100, 101, 
    114,  32,  67, 111, 109, 112, 
    105, 108, 101, 114,  32,  49, 
     48,  46,  49,   0,   0,   0, 
     54,   0,  61,  17,   1, 104, 
    108, 115, 108,  70, 108,  97, 
    103, 115,   0,  48, 120,  53, 
      0, 104, 108, 115, 108,  84, 
     97, 114, 103, 101, 116,   0, 
    112, 115,  95,  53,  95,  49, 
      0, 104, 108, 115, 108,  69, 
    110, 116, 114, 121,   0, 109, 
     97, 105, 110,   0,   0,   0, 
      0,   0,  42,   0,  16,  17, 
      0,   0,   0,   0, 144,   2, 
      0,   0,   0,   0,   0,   0, 
     68,   0,   0,   0,   0,   0, 
      0,   0,  68,   0,   0,   0, 
      8,  16,   0,   0,  96,   0, 
      0,   0,   1,   0, 160, 109, 
     97, 105, 110,   0,  42,   0, 
     62,  17,   3,  16,   0,   0, 
      9,   0, 112,  73, 110,   0, 
      0,   0,   0,   0,   0,   0, 
      0,   0,   0,   0,   0,   0, 
      0,   0,   0,   0,   0,   0, 
      0,   0,   0,   0,   0,   0, 
      0,   0,   0,   0,   0,   0, 
     22,   0,  80,  17,   1,   0, 
      5,   0,   0,   0,   4,   0, 
     96,   0,   0,   0,   1,   0, 
     68,   0,   0,   0,   0,   0, 
     22,   0,  80,  17,   1,   0, 
      5,   0,   4,   0,   4,   0, 
     96,   0,   0,   0,   1,   0, 
     68,   0,   4,   0,   0,   0, 
     22,   0,  80,  17,   1,   0, 
      5,   0,   8,   0,   4,   0, 
     96,   0,   0,   0,   1,   0, 
     68,   0,   8,   0,   0,   0, 
     22,   0,  80,  17,   1,   0, 
      5,   0,  12,   0,   4,   0, 
     96,   0,   0,   0,   1,   0, 
     68,   0,  12,   0,   0,   0, 
     22,   0,  80,  17,   1,   0, 
      5,   0,  16,   0,   4,   0, 
     96,   0,   0,   0,   1,   0, 
     68,   0,  16,   0,   0,   0, 
     22,   0,  80,  17,   1,   0, 
      5,   0,  20,   0,   4,   0, 
     96,   0,   0,   0,   1,   0, 
     68,   0,  20,   0,   0,   0, 
     58,   0,  62,  17,   7,  16, 
      0,   0, 136,   0,  60, 109, 
     97, 105, 110,  32, 114, 101, 
    116, 117, 114, 110,  32, 118, 
     97, 108, 117, 101,  62,   0, 
      0,   0,   0,   0,   0,   0, 
      0,   0,   0,   0,   0,   0, 
      0,   0,   0,   0,   0,   0, 
      0,   0,   0,   0,   0,   0, 
      0,   0,   0,   0,   0,   0, 
     22,   0,  80,  17,   2,   0, 
      5,   0,   0,   0,   4,   0, 
     96,   0,   0,   0,   1,   0, 
     68,   0,   0,   0,   0,   0, 
     22,   0,  80,  17,   2,   0, 
      5,   0,   4,   0,   4,   0, 
     96,   0,   0,   0,   1,   0, 
     68,   0,   4,   0,   0,   0, 
     22,   0,  80,  17,   2,   0, 
      5,   0,   8,   0,   4,   0, 
     96,   0,   0,   0,   1,   0, 
     68,   0,   8,   0,   0,   0, 
     22,   0,  80,  17,   2,   0, 
      5,   0,  12,   0,   4,   0, 
     96,   0,   0,   0,   1,   0, 
     68,   0,  12,   0,   0,   0, 
     42,   0,  62,  17,   6,  16, 
      0,   0,   8,   0, 112, 120, 
      0,   0,   0,   0,   0,   0, 
      0,   0,   0,   0,   0,   0, 
      0,   0,   0,   0,   0,   0, 
      0,   0,   0,   0,   0,   0, 
      0,   0,   0,   0,   0,   0, 
      0,   0,  22,   0,  80,  17, 
      0,   0,   5,   0,   0,   0, 
      4,   0, 140,   0,   0,   0, 
      1,   0,  24,   0,   0,   0, 
      0,   0,  22,   0,  80,  17, 
      0,   0,   5,   0,   4,   0, 
      4,   0, 140,   0,   0,   0, 
      1,   0,  24,   0,   4,   0, 
      0,   0,  22,   0,  80,  17, 
      0,   0,   5,   0,   8,   0, 
      4,   0, 140,   0,   0,   0, 
      1,   0,  24,   0,   8,   0, 
      0,   0,  22,   0,  80,  17, 
      0,   0,   5,   0,  12,   0, 
      4,   0, 140,   0,   0,   0, 
      1,   0,  24,   0,  12,   0, 
      0,   0,   2,   0,   6,   0, 
    244,   0,   0,   0,  72,   0, 
      0,   0,   1,   0,   0,   0, 
     16,   1, 124,  25,  16, 239, 
    166, 132,  16, 213,  57, 246, 
    110, 162,  24, 125, 177, 126, 
      0,   0, 146,   0,   0,   0, 
     16,   1, 254, 122, 142,  68, 
     19,  82, 198,  37,  36, 239, 
     40, 185,  87, 216, 177, 185, 
      0,   0, 254,   0,   0,   0, 
     16,   1, 163,  12,  52, 212, 
     33, 241, 208, 171,  58,  69, 
    122,  52, 140,   8, 216,  30, 
      0,   0, 242,   0,   0,   0, 
     96,   0,   0,   0,   0,   0, 
      0,   0,   1,   0,   1,   0, 
    164,   0,   0,   0,   0,   0, 
      0,   0,   6,   0,   0,   0, 
     84,   0,   0,   0,  96,   0, 
      0,   0,  38,   0,   0, 128, 
     96,   0,   0,   0,  38,   0, 
      0,   0, 140,   0,   0,   0, 
     42,   0,   0, 128, 140,   0, 
      0,   0,  42,   0,   0,   0, 
    160,   0,   0,   0,  42,   0, 
      0, 128, 160,   0,   0,   0, 
     42,   0,   0,   0,   2,   0, 
     51,   0,  13,   0,  50,   0, 
      2,   0,  11,   0,   2,   0, 
     11,   0,   2,   0,  11,   0, 
      2,   0,  11,   0, 246,   0, 
      0,   0,   4,   0,   0,   0, 
      0,   0,   0,   0,  12,   0, 
      0,   0,   0,   0,   0,   0, 
     20,   0,   0,   0,  60,   0, 
      0,   0,   0,   0,   0,   0, 
      0,   0,   0,   0,   0,   0, 
      0,   0,   0,   0,   0,   0, 
      0,   0,   0,   0,   0,   0, 
      0,   0,   0,   0,   0,   0, 
      0,   0,   0,   0,   0,   0, 
      0,   0,   0,   0,   0,   0, 
      0,   0,   0,   0,   0,   0, 
      0,   0,   0,   0,   0,   0, 
      0,   0,   0,   0,   0,   0, 
      0,   0,   0,   0,   0,   0, 
      0,   0,   0,   0,   0,   0, 
      0,   0,   0,   0,   0,   0, 
      0,   0,   0,   0,   0,   0, 
      0,   0,   0,   0,   0,   0, 
      0,   0,   0,   0,   0,   0, 
      0,   0,   0,   0,   0,   0, 
      0,   0,   0,   0,   0,   0, 
      0,   0,   0,   0,   0,   0, 
      0,   0,   0,   0,   0,   0, 
      0,   0,   0,   0,   0,   0, 
      0,   0,   0,   0,   0,   0, 
      0,   0,   0,   0,   0,   0, 
      0,   0,   0,   0,   0,   0, 
      0,   0,   0,   0,   0,   0, 
      0,   0,   0,   0,  11, 202, 
     49,   1,  56,   0,   0,   0, 
      0,  16,   0,   0,  15,  16, 
      0,   0,  28,   1,   0,   0, 
     12,   0, 255, 255,   4,   0, 
      0,   0, 255, 255,   3,   0, 
      0,   0,   0,   0,  60,   0, 
      0,   0,  60,   0,   0,   0, 
      8,   0,   0,   0,  68,   0, 
      0,   0,   0,   0,   0,   0, 
     22,   0,  27,  21,  64,   0, 
      0,   0,   4,   0,   0,   0, 
     16,   0, 102, 108, 111,  97, 
    116,  52,   0, 243, 242, 241, 
     22,   0,  27,  21,  64,   0, 
      0,   0,   2,   0,   0,   0, 
      8,   0, 102, 108, 111,  97, 
    116,  50,   0, 243, 242, 241, 
     34,   0,   3,  18,  13,  21, 
      3,   0,   0,  16,   0,   0, 
      0,   0,  80, 111, 115,  72, 
      0, 241,  13,  21,   3,   0, 
      1,  16,   0,   0,  16,   0, 
     84, 101, 120,   0, 242, 241, 
     30,   0,   5,  21,   2,   0, 
      0,   0,   2,  16,   0,   0, 
      0,   0,   0,   0,   0,   0, 
      0,   0,  24,   0,  70, 114, 
     97, 103, 109, 101, 110, 116, 
      0, 241,  10,   0,   1,  18, 
      1,   0,   0,   0,   3,  16, 
      0,   0,  18,   0,   3,  18, 
     13,  21,   3,   0,   0,  16, 
      0,   0,   0,   0,  67, 111, 
    108, 111, 114,   0,  26,   0, 
      5,  21,   1,   0,   0,   0, 
      5,  16,   0,   0,   0,   0, 
      0,   0,   0,   0,   0,   0, 
     16,   0,  80, 105, 120, 101, 
    108,   0,  10,   0,  24,  21, 
      6,  16,   0,   0,   1,   0, 
      1,   0,  14,   0,   8,  16, 
      7,  16,   0,   0,  23,   0, 
      1,   0,   4,  16,   0,   0, 
     14,   0,  23,  21,   0,  16, 
      0,   0,   3,   2, 176,   2, 
      0,   0, 242, 241,  10,   0, 
     24,  21,   9,  16,   0,   0, 
      1,   0,   1,   0,  10,   0, 
     24,  21,  10,  16,   0,   0, 
      1,   0,   0,   2,  14,   0, 
     23,  21,   0,   0,   0,   0, 
     10,   2, 176,   2,   0,   0, 
    242, 241,  10,   0,  24,  21, 
     12,  16,   0,   0,   1,   0, 
      1,   0,  10,   0,  24,  21, 
     13,  16,   0,   0,   1,   0, 
      0,   2,   0,   0,   0,   0, 
      0,   0,   0,   0,   0,   0, 
      0,   0,   0,   0,   0,   0, 
      0,   0,   0,   0,   0,   0, 
      0,   0,   0,   0,   0,   0, 
      0,   0,   0,   0,   0,   0, 
      0,   0,   0,   0,   0,   0, 
      0,   0,   0,   0,   0,   0, 
      0,   0,   0,   0,   0,   0, 
      0,   0,   0,   0,   0,   0, 
      0,   0,   0,   0,   0,   0, 
      0,   0,   0,   0,   0,   0, 
      0,   0,   0,   0,   0,   0, 
      0,   0,   0,   0,   0,   0, 
      0,   0,   0,   0,   0,   0, 
      0,   0,   0,   0,   0,   0, 
      0,   0,   0,   0,   0,   0, 
      0,   0,   0,   0,   0,   0, 
      0,   0,   0,   0,   0,   0, 
      0,   0,   0,   0,   0,   0, 
      0,   0,   0,   0,   0,   0, 
      0,   0,   0,   0,   0,   0, 
      0,   0,   0,   0,   0,   0, 
      0,   0,   0,   0,   0,   0, 
      0,   0,   0,   0,   0,   0, 
      0,   0,   0,   0,   0,   0, 
      0,   0,   0,   0,   0,   0, 
      0,   0,   0,   0,   0,   0, 
      0,   0,   0,   0,   0,   0, 
     11, 202,  49,   1,  56,   0, 
      0,   0,   0,  16,   0,   0, 
      0,  16,   0,   0,   0,   0, 
      0,   0,  13,   0, 255, 255, 
      4,   0,   0,   0, 255, 255, 
      3,   0,   0,   0,   0,   0, 
      0,   0,   0,   0,   0,   0, 
      0,   0,   0,   0,   0,   0, 
      0,   0,   0,   0,   0,   0, 
      0,   0,   0,   0,   0,   0, 
      0,   0,   0,   0,   0,   0, 
      0,   0,   0,   0,   0,   0, 
      0,   0,   0,   0,   0,   0, 
      0,   0,   0,   0,   0,   0, 
      0,   0,   0,   0,   0,   0, 
      0,   0,   0,   0,   0,   0, 
      0,   0,   0,   0,   0,   0, 
      0,   0,   0,   0,   0,   0, 
      0,   0,   0,   0,   0,   0, 
      0,   0,   0,   0,   0,   0, 
      0,   0,   0,   0,   0,   0, 
      0,   0,   0,   0,   0,   0, 
      0,   0,   0,   0,   0,   0, 
      0,   0,   0,   0,   0,   0, 
      0,   0,   0,   0,   0,   0, 
      0,   0,   0,   0,   0,   0, 
      0,   0,   0,   0,   0,   0, 
      0,   0,   0,   0,   0,   0, 
      0,   0,   0,   0,   0,   0, 
      0,   0,   0,   0,   0,   0, 
      0,   0,   0,   0,   0,   0, 
      0,   0,   0,   0,   0,   0, 
      0,   0,   0,   0,   0,   0, 
      0,   0,   0,   0,   0,   0, 
      0,   0,   0,   0,   0,   0, 
      0,   0,   0,   0,   0,   0, 
      0,   0,   0,   0,   0,   0, 
      0,   0,   0,   0,   0,   0, 
      0,   0,   0,   0,   0,   0, 
      0,   0,   0,   0,   0,   0, 
      0,   0,   0,   0,   0,   0, 
      0,   0,   0,   0,   0,   0, 
      0,   0,   0,   0,   0,   0, 
      0,   0,   0,   0,   0,   0, 
      0,   0,   0,   0,   0,   0, 
      0,   0,   0,   0,   0,   0, 
      0,   0,   0,   0,   0,   0, 
      0,   0,   0,   0,   0,   0, 
      0,   0,   0,   0,   0,   0, 
      0,   0,   0,   0,   0,   0, 
      0,   0,   0,   0,   0,   0, 
      0,   0,   0,   0,   0,   0, 
      0,   0,   0,   0,   0,   0, 
      0,   0,   0,   0,   0,   0, 
      0,   0,   0,   0,   0,   0, 
      0,   0,   0,   0,   0,   0, 
      0,   0,   0,   0,   0,   0, 
      0,   0,   0,   0,   0,   0, 
      0,   0,   0,   0,   0,   0, 
      0,   0,   0,   0,   0,   0, 
      0,   0,   0,   0,   0,   0, 
      0,   0,   0,   0,   0,   0, 
      0,   0,   0,   0,   0,   0, 
      0,   0,   0,   0,   0,   0, 
      0,   0,   0,   0,   0,   0, 
      0,   0,   0,   0,   0,   0, 
      0,   0,   0,   0,   0,   0, 
      0,   0,   0,   0,   0,   0, 
      0,   0,   0,   0,   0,   0, 
      0,   0,   0,   0,   0,   0, 
      0,   0,   0,   0,   0,   0, 
      0,   0,   0,   0,   0,   0, 
      0,   0,   0,   0,   0,   0, 
      0,   0,   0,   0,   0,   0, 
      0,   0,   0,   0,   0,   0, 
      0,   0,   0,   0,   0,   0, 
      0,   0,   0,   0,   0,   0, 
      0,   0,   0,   0,   0,   0, 
      0,   0,   0,   0,   0,   0, 
      0,   0,   0,   0,   0,   0, 
      0,   0,   0,   0,   0,   0, 
      0,   0,   0,   0,   0,   0, 
      0,   0,   0,   0,   0,   0, 
      0,   0,   0,   0,   0,   0, 
      0,   0,   0,   0,   0,   0, 
      0,   0,  83,  99,  97, 108, 
    101,  32,  41,  59,  13,  10, 
     13,  10,   9, 102, 108, 111, 
     97, 116,  51,  32,  99, 111, 
    108, 111, 114,  32,  61,  32, 
    112, 111, 119,  40,  32,  67, 
    111, 108, 111, 114,  46, 120, 
    121, 122,  44,  32,  71,  97, 
    109, 109,  97,  86,  97, 108, 
    117, 101,  32,  41,  59,  13, 
     10,   9,  99, 111, 108, 111, 
    114,  46, 120, 121, 122,  32, 
     61,  32,  99, 111, 108, 111, 
    114,  46, 120, 121, 122,  32, 
     42,  32,  76,  83,  99,  97, 
    108, 101,  59,  13,  10,   9, 
     99, 111, 108, 111, 114,  32, 
     61,  32, 112, 111, 119,  40, 
     32,  99, 111, 108, 111, 114, 
     44,  32,  71,  97, 109, 109, 
     97,  73, 110, 118,  32,  41, 
     59,  13,  10,   9, 114, 101, 
    116, 117, 114, 110,  32, 102, 
    108, 111,  97, 116,  52,  40, 
     32,  99, 111, 108, 111, 114, 
     44,  32,  67, 111, 108, 111, 
    114,  46, 119,  32,  41,  59, 
     13,  10, 125,  13,  10,  13, 
     10,  80, 105, 120, 101, 108, 
     32, 109,  97, 105, 110,  40, 
     32,  70, 114,  97, 103, 109, 
    101, 110, 116,  32, 112,  73, 
    110,  32,  41,  13,  10, 123, 
     13,  10,   9,  80, 105, 120, 
    101, 108,  32, 112, 120,  59, 
     13,  10,  13,  10,   9, 112, 
    120,  46,  67, 111, 108, 111, 
    114,  32,  61,  32, 103,  72, 
     68,  82,  83, 111, 117, 114, 
     99, 101,  46,  83,  97, 109, 
    112, 108, 101,  40,  32, 103, 
     83,  97, 109, 112, 108, 101, 
    114,  44,  32, 112,  73, 110, 
     46,  84, 101, 120,  32,  41, 
     59,  13,  10,   9,  47,  47, 
    105, 102,  32,  40,  32, 112, 
    120,  46,  67, 111, 108, 111, 
    114,  46, 119,  32,  60,  32, 
     48,  46,  53, 102,  32,  41, 
     13,  10,   9,   9,  47,  47, 
    112, 120,  46,  67, 111, 108, 
    111, 114,  32,  61,  32,  84, 
    111, 110, 101,  77,  97, 112, 
    112, 105, 110, 103,  40,  32, 
    112, 120,  46,  67, 111, 108, 
    111, 114,  44,  32, 103,  72, 
     68,  82,  67, 111, 110, 115, 
    116,  97, 110, 116, 115,  46, 
     65, 118, 101, 114,  97, 103, 
    101,  76, 117, 109,  44,  32, 
     49,  46,  48, 102,  44,  32, 
     49,  46,  48, 102,  32,  41, 
     59,  13,  10,   9,  13,  10, 
      9, 114, 101, 116, 117, 114, 
    110,  32, 112, 120,  59,  13, 
     10, 125,   0,  35, 105, 102, 
     32,  33, 100, 101, 102, 105, 
    110, 101, 100,  40,  32,  95, 
     95,  72,  68,  82,  95,  72, 
     76,  83,  76,  73,  95,  95, 
     32,  41,  13,  10,  35, 100, 
    101, 102, 105, 110, 101,  32, 
     95,  95,  72,  68,  82,  95, 
     72,  76,  83,  76,  73,  95, 
     95,  13,  10,  13,  10, 115, 
    116, 114, 117,  99, 116,  32, 
     72,  68,  82,  67, 111, 110, 
    115, 116,  97, 110, 116, 115, 
     13,  10, 123,  13,  10,   9, 
    102, 108, 111,  97, 116,  32, 
     65, 118, 101, 114,  97, 103, 
    101,  76, 117, 109,  59,  13, 
     10, 125,  59,  13,  10,  13, 
     10, 102, 108, 111,  97, 116, 
     32,  67,  97, 108,  99,  76, 
    117, 109,  40,  32, 102, 108, 
    111,  97, 116,  51,  32, 118, 
     97, 108, 117, 101,  32,  41, 
     13,  10, 123,  13,  10,   9, 
     99, 111, 110, 115, 116,  32, 
    102, 108, 111,  97, 116,  51, 
     32, 108, 117, 109,  32,  61, 
     32, 102, 108, 111,  97, 116, 
     51,  40,  32,  48,  46,  50, 
     57,  57, 102,  44,  32,  48, 
     46,  53,  56,  55, 102,  44, 
     32,  48,  46,  49,  49,  52, 
    102,  32,  41,  59,  13,  10, 
      9, 114, 101, 116, 117, 114, 
    110,  32, 100, 111, 116,  40, 
     32, 118,  97, 108, 117, 101, 
     44,  32, 108, 117, 109,  32, 
     41,  59,  13,  10, 125,  13, 
     10,  13,  10,  35, 101, 110, 
    100, 105, 102,   0,  35, 105, 
    102,  32,  33, 100, 101, 102, 
    105, 110, 101, 100,  40,  32, 
     95,  95,  71,  65,  77,  77, 
     65,  72,  69,  76,  80,  69, 
     82,  95,  72,  76,  83,  76, 
     73,  95,  95,  32,  41,  13, 
     10,  13,  10, 102, 108, 111, 
     97, 116,  52,  32,  84, 111, 
     71,  97, 109, 109,  97,  83, 
    112,  97,  99, 101,  40,  32, 
    102, 108, 111,  97, 116,  52, 
     32, 108, 105, 110, 101,  97, 
    114,  83, 112,  97,  99, 101, 
     67, 111, 108, 111, 114,  44, 
     32, 102, 108, 111,  97, 116, 
     32, 103,  97, 109, 109,  97, 
     86,  97, 108, 117, 101,  32, 
     61,  32,  50,  46,  50, 102, 
     32,  41,  13,  10, 123,  13, 
     10,   9, 114, 101, 116, 117, 
    114, 110,  32, 112, 111, 119, 
     40,  32, 108, 105, 110, 101, 
     97, 114,  83, 112,  97,  99, 
    101,  67, 111, 108, 111, 114, 
     44,  32,  49,  32,  47,  32, 
    103,  97, 109, 109,  97,  86, 
     97, 108, 117, 101,  32,  41, 
     59,  13,  10, 125,  13,  10, 
     13,  10, 102, 108, 111,  97, 
    116,  52,  32,  84, 111,  76, 
    105, 110, 101,  97, 114,  83, 
    112,  97,  99, 101,  40,  32, 
    102, 108, 111,  97, 116,  52, 
     32, 103,  97, 109, 109,  97, 
     83, 112,  97,  99, 101,  67, 
    111, 108, 111, 114,  44,  32, 
    102, 108, 111,  97, 116,  32, 
    103,  97, 109, 109,  97,  86, 
     97, 108, 117, 101,  32,  61, 
     32,  50,  46,  50, 102,  32, 
     41,  13,  10, 123,  13,  10, 
      9, 114, 101, 116, 117, 114, 
    110,  32, 112, 111, 119,  40, 
     32, 103,  97, 109, 109,  97, 
     83, 112,  97,  99, 101,  67, 
    111, 108, 111, 114,  44,  32, 
    103,  97, 109, 109,  97,  86, 
     97, 108, 117, 101,  32,  41, 
     59,  13,  10, 125,  13,  10, 
     13,  10,  35, 101, 110, 100, 
    105, 102,   0,  17,   0,   0, 
      0, 122,   1,   0,   0,   0, 
      0,   0,   0,   0,   0,   0, 
      0,   0,   0,   0,   0,  73, 
      0,   0,   0, 102,   6,   0, 
      0, 200,   0,   0,   0, 146, 
      0,   0,   0,   1,   0,   0, 
      0,  74,   0,   0,   0, 254, 
      0,   0,   0,  60,   1,   0, 
      0, 123,   5,   0,   0,   0, 
      0,   0,   0,   0,   0,   0, 
      0,   0,   0,   0,   0,   0, 
      0,   0,   0,  10,   0,   0, 
      0,   0,   0,   0,   0,   0, 
      0,   0,   0,   0,   0,   0, 
      0,   0,   0,   0,   0,   0, 
     68,  51,  68,  83,  72,  68, 
     82,   0, 164,   0,   0,   0, 
      0,   0,   0,   0,   0,   0, 
      0,   0,   0,   0,   0,   0, 
      0,   0,   0,   0,   0,   0, 
      0,   0,   0,   0,   0,   0, 
     32,   0,   0,  96,   0,   0, 
      0,   0,   0,   0,   0,   0, 
      0,   0,   0,   0,   0,   0, 
      0,   0,   0,   0,   0,   0, 
      0,   0,   0,   0,   0,   0, 
      0,   0,   0,   0,   0,   0, 
      0,   0,   0,   0,   0,   0, 
      0,   0,   0,   0,   0,   0, 
      0,   0,   0,   0,   0,   0, 
      0,   0,   0,   0,   0,   0, 
      0,   0,   0,   0,   0,   0, 
      0,   0,   0,   0,   0,   0, 
      0,   0,   0,   0,   0,   0, 
      0,   0,   0,   0,   0,   0, 
      0,   0,   0,   0,   0,   0, 
      0,   0,   0,   0,   0,   0, 
      0,   0,   0,   0,   0,   0, 
      0,   0,   0,   0,   0,   0, 
      0,   0,   0,   0,   0,   0, 
      0,   0,   0,   0,   0,   0, 
      0,   0,   0,   0,   0,   0, 
      0,   0,   0,   0,   0,   0, 
      0,   0,   0,   0,   0,   0, 
      0,   0,   0,   0,   0,   0, 
      0,   0,   0,   0,   0,   0, 
      0,   0,   0,   0,   0,   0, 
      0,   0,   0,   0,   0,   0, 
      0,   0,   0,   0,   0,   0, 
      0,   0,   0,   0,   0,   0, 
      0,   0,   0,   0,   0,   0, 
      0,   0,   0,   0,   0,   0, 
      0,   0,   0,   0,   0,   0, 
      0,   0,   0,   0,   0,   0, 
      0,   0,   0,   0,   0,   0, 
      0,   0,   0,   0,   0,   0, 
      0,   0,   0,   0,   0,   0, 
      0,   0,   0,   0,   0,   0, 
      0,   0,   0,   0,   0,   0, 
      0,   0,   0,   0,   0,   0, 
      0,   0,   0,   0,   0,   0, 
      0,   0,   0,   0,   0,   0, 
      0,   0,   0,   0,   0,   0, 
      0,   0,   0,   0,   0,   0, 
      0,   0,   0,   0,   0,   0, 
      0,   0,   0,   0,   0,   0, 
      0,   0,   0,   0,   0,   0, 
      0,   0,   0,   0,   0,   0, 
      0,   0,   0,   0,   0,   0, 
      0,   0,   0,   0,   0,   0, 
      0,   0,   0,   0,   0,   0, 
      0,   0,   0,   0,   0,   0, 
      0,   0,   0,   0,   0,   0, 
      0,   0,   0,   0,   0,   0, 
      0,   0,   0,   0,   0,   0, 
      0,   0,   0,   0,   0,   0, 
      0,   0,   0,   0,   0,   0, 
      0,   0,   0,   0,   0,   0, 
      0,   0,   0,   0,   0,   0, 
      0,   0,   0,   0,   0,   0, 
      0,   0,   0,   0,   0,   0, 
      0,   0,   0,   0,   0,   0, 
      0,   0,   0,   0,   0,   0, 
      0,   0,   0,   0,   0,   0, 
      0,   0,   0,   0,   0,   0, 
      0,   0,   0,   0,   0,   0, 
      0,   0,   0,   0,   0,   0, 
      0,   0,   0,   0,   0,   0, 
      0,   0,   0,   0,   0,   0, 
      0,   0,   0,   0,   0,   0, 
      0,   0,   0,   0,   0,   0, 
      0,   0,   0,   0,   0,   0, 
      0,   0,   0,   0,   0,   0, 
      0,   0,   0,   0,   0,   0, 
      0,   0,   0,   0,   0,   0, 
      0,   0,   0,   0,   0,   0, 
      0,   0,   0,   0,   0,   0, 
      0,   0,   0,   0,   0,   0, 
      0,   0,   0,   0,   0,   0, 
      0,   0,   0,   0,   0,   0, 
      0,   0, 255, 255, 255, 255, 
     26,   9,  47, 241,  24,   0, 
      0,   0,  16,   2,   0,   0, 
      1,   0,   0,   0,   1,   0, 
      0,   0,  21,   0,   0,   0, 
      1,   0,   0,   0,  61,   0, 
      0,   0,   1,   0,   0,   0, 
      0,   0,   0,   0,   0,   0, 
      0,   0,   0,   0,   0,   0, 
      0,   0,   0,   0,   0,   0, 
      0,   0,   0,   0,   0,   0, 
      0,   0,   0,   0,   0,   0, 
      0,   0,   0,   0,   0,   0, 
      0,   0,   0,   0,   0,   0, 
      0,   0,   0,   0,   0,   0, 
      0,   0,   0,   0,   0,   0, 
      0,   0,   0,   0,   0,   0, 
      0,   0,   0,   0,   0,   0, 
      0,   0,  32,   0,   0,   0, 
      0,   0,   0,   0,   0,   0, 
      0,   0,   0,   0,   0,   0, 
      0,   0,   0,   0,   0,   0, 
      0,   0,   0,   0,   0,   0, 
      0,   0,   0,   0,   0,   0, 
      0,   0,   0,   0,   0,   0, 
      0,   0,   0,   0,   0,   0, 
      0,   0,   0,   0,   0,   0, 
      0,   0,   0,   0,   0,   0, 
      0,   0,   0,   0,   0,   0, 
      0,   0,   0,   0,   0,   0, 
      0,   0,   0,  64,   0,   0, 
      0,   0,   8,   0,   0,   0, 
      0,   0,   0,   0,   0,   0, 
      0,   0,   0,   0,   0,   0, 
      0,   0,   0,   0,   0,   0, 
      0,   0,   0,   0,   0,   0, 
      0,   0,   0,   0,   0,   0, 
      0,   0,   0,   0,   0,   0, 
      0,   0,   0,   0,   0,   0, 
      0,   0,   0,   0,   0,   0, 
      0,   0,   0,   0,   0,   0, 
      0,   0,   0,   0,   0,   0, 
      0,   0,   0,   0,   0,   0, 
      0,   0,   0,   0,   0,   0, 
      0,   0,   0,   0,   0,   0, 
      0,   0,   0,   0,   0,   0, 
      0,   0,   0,   0,   0,   0, 
      0,   0,   0,   0,   0,   0, 
      0,   0,   0,   0,   0,   0, 
      0,   0,   0,   0,   0,   0, 
      0,   0,   0,   0,   0,   0, 
      0,   0,   0,   0,   0,   0, 
      0,   0,   0,   0,   0,   0, 
      0,   0,   0,   0,   0,   0, 
      0,   0,   0,   0,   0,   0, 
      0,   0,   0,   0,   0,   0, 
      0,   0,   0,   0,   0,   0, 
      0,   0,   0,   0,   0,   0, 
      0,   0,   0,   0,   0,   0, 
      0,   0,   0,   0,   0,   0, 
      0,   0,   0,   0,   0,   0, 
      0,   0,   0,   0,   0,   0, 
      0,   0,   0,   0,   0,   0, 
      0,   0,   0,   0,   0,   0, 
      0,   0,   0,   0,   0,   0, 
      0,   0,   0,   0,   0,   0, 
      0,   0,   0,   0,   0,   0, 
      0,   0,   0,   0,   0,   0, 
      0,   0,   0,   0,   0,   0, 
      0,   0,   0,   0,   0,   0, 
      0,   0,   0,   0,   0,   0, 
      0,   0,   0,   0,   0,   0, 
      0,   0,   0,   0,   0,   0, 
      0,   0,   0,   0,   0,   0, 
      0,   0,   0,   0,   0,   0, 
      0,   0,   0,   0,   0,   0, 
      0,   0,   0,   0,   0,   0, 
      0,   0,   0,   0,   0,   0, 
      0,   0,   0,   0,   0,   0, 
      0,   0,   0,   0,   0,   0, 
      0,   0,   0,   0,   0,   0, 
      0,   0,   0,   0,   0,   0, 
      0,   0,   0,   0,   0,   0, 
      0,   0,   0,   0,   0,   0, 
      0,   0,   0,   0,   0,   0, 
      0,   0,   0,   0,   0,   0, 
      0,   0,   0,   0,   0,   0, 
      0,   0,   0,   0,   0,   0, 
      0,   0,   0,   0,   0,   0, 
      0,   0,   0,   0,   0,   0, 
      0,   0,   0,   0,   0,   0, 
      0,   0,   0,   0,   0,   0, 
      0,   0,   0,   0,   0,   0, 
      0,   0,   0,   0,  12,   0, 
      0,   0,  24,   0,   0,   0, 
      0,   0,   0,   0,   0,   0, 
      0,   0,   0,   0,   0,   0, 
      0,   0,   0,   0,   0,   0, 
      0,   0,   0,   0,   0,   0, 
      0,   0,   0,   0,   0,   0, 
      0,   0,   0,   0,   0,   0, 
      0,   0,   0,   0,   0,   0, 
      0,   0,   0,   0,   0,   0, 
      0,   0,   0,   0,   0,   0, 
      0,   0,   0,   0,   0,   0, 
      0,   0,   0,   0,   0,   0, 
      0,   0,   0,   0,   0,   0, 
      0,   0,   0,   0,   0,   0, 
      0,   0,   0,   0,   0,   0, 
      0,   0,   0,   0,   0,   0, 
      0,   0,   0,   0,   0,   0, 
      0,   0,   0,   0,   0,   0, 
      0,   0,   0,   0,   0,   0, 
      0,   0,   0,   0,   0,   0, 
      0,   0,   0,   0,   0,   0, 
      0,   0,   0,   0,   0,   0, 
      0,   0,   0,   0,   0,   0, 
      0,   0,   0,   0,   0,   0, 
      0,   0,   0,   0,   0,   0, 
      0,   0,   0,   0,   0,   0, 
      0,   0,   0,   0,   0,   0, 
      0,   0,   0,   0,   0,   0, 
      0,   0,   0,   0,   0,   0, 
      0,   0,   0,   0,   0,   0, 
      0,   0,   0,   0,   0,   0, 
      0,   0,   0,   0,   0,   0, 
      0,   0,   0,   0,   0,   0, 
      0,   0,   0,   0,   0,   0, 
      0,   0,   0,   0,   0,   0, 
      0,   0,   0,   0,   0,   0, 
      0,   0,   0,   0,   0,   0, 
      0,   0,   0,   0,   0,   0, 
      0,   0,   0,   0,   0,   0, 
      0,   0,   0,   0,   0,   0, 
      0,   0,   0,   0,   0,   0, 
      0,   0,   0,   0,   0,   0, 
      0,   0,   0,   0,   0,   0, 
      0,   0,   0,   0,   0,   0, 
      0,   0,   0,   0,   0,   0, 
      0,   0,   0,   0,   0,   0, 
      0,   0,   0,   0,   0,   0, 
      0,   0,   0,   0,   0,   0, 
      0,   0,   0,   0,   0,   0, 
      0,   0,   0,   0,   0,   0, 
      0,   0,   0,   0,   0,   0, 
      0,   0,   0,   0,   0,   0, 
      0,   0,   0,   0,   0,   0, 
      0,   0,   0,   0,   0,   0, 
      0,   0,   0,   0,   0,   0, 
      0,   0,   0,   0,   0,   0, 
      0,   0,   0,   0,   0,   0, 
      0,   0,   0,   0,   0,   0, 
      0,   0,   0,   0,   0,   0, 
      0,   0,   0,   0,   0,   0, 
      0,   0,   0,   0,   0,   0, 
      0,   0,   0,   0,   0,   0, 
      0,   0,   0,   0,   0,   0, 
      0,   0,   0,   0,   0,   0, 
      0,   0,   0,   0,   0,   0, 
      0,   0,   0,   0,   0,   0, 
      0,   0,   0,   0,   0,   0, 
      0,   0,   0,   0,   0,   0, 
      0,   0,   0,   0,   0,   0, 
      0,   0,   0,   0,   0,   0, 
      0,   0,   0,   0,   0,   0, 
      0,   0,   0,   0,   0,   0, 
      0,   0,   0,   0,   0,   0, 
      0,   0,   0,   0,   0,   0, 
      0,   0,   0,   0,   0,   0, 
      0,   0,   0,   0,   0,   0, 
      0,   0,   0,   0,   0,   0, 
     18,   0,  37,  17,   0,   0, 
      0,   0, 128,   0,   0,   0, 
      1,   0, 109,  97, 105, 110, 
      0,   0,  38,   0, 100,  17, 
     11,  16,   0,   0,   0,   0, 
      0,   0,   0,   0,   0,   0, 
      0,   0,   0,   0,   0,   0, 
      0,   0,   7,   0, 103,  72, 
     68,  82,  83, 111, 117, 114, 
     99, 101,   0,   0,   0,   0, 
     34,   0, 100,  17,  14,  16, 
      0,   0,   0,   0,   0,   0, 
      0,   0,   0,   0,   0,   0, 
      0,   0,   0,   0,   0,   0, 
      6,   0, 103,  83,  97, 109, 
    112, 108, 101, 114,   0,   0, 
      0,   0,   0,   0,   0,   0, 
      0,   0,   0,   0,   0,   0, 
      0,   0,   0,   0,   0,   0, 
      0,   0,   0,   0,   0,   0, 
      0,   0,   0,   0,   0,   0, 
      0,   0,   0,   0,   0,   0, 
      0,   0,   0,   0,   0,   0, 
      0,   0,   0,   0,   0,   0, 
      0,   0,   0,   0,   0,   0, 
      0,   0,   0,   0,   0,   0, 
      0,   0,   0,   0,   0,   0, 
      0,   0,   0,   0,   0,   0, 
      0,   0,   0,   0,   0,   0, 
      0,   0,   0,   0,   0,   0, 
      0,   0,   0,   0,   0,   0, 
      0,   0,   0,   0,   0,   0, 
      0,   0,   0,   0,   0,   0, 
      0,   0,   0,   0,   0,   0, 
      0,   0,   0,   0,   0,   0, 
      0,   0,   0,   0,   0,   0, 
      0,   0,   0,   0,   0,   0, 
      0,   0,   0,   0,   0,   0, 
      0,   0,   0,   0,   0,   0, 
      0,   0,   0,   0,   0,   0, 
      0,   0,   0,   0,   0,   0, 
      0,   0,   0,   0,   0,   0, 
      0,   0,   0,   0,   0,   0, 
      0,   0,   0,   0,   0,   0, 
      0,   0,   0,   0,   0,   0, 
      0,   0,   0,   0,   0,   0, 
      0,   0,   0,   0,   0,   0, 
      0,   0,   0,   0,   0,   0, 
      0,   0,   0,   0,   0,   0, 
      0,   0,   0,   0,   0,   0, 
      0,   0,   0,   0,   0,   0, 
      0,   0,   0,   0,   0,   0, 
      0,   0,   0,   0,   0,   0, 
      0,   0,   0,   0,   0,   0, 
      0,   0,   0,   0,   0,   0, 
      0,   0,   0,   0,   0,   0, 
      0,   0,   0,   0,   0,   0, 
      0,   0,   0,   0,   0,   0, 
      0,   0,   0,   0,   0,   0, 
      0,   0,   0,   0,   0,   0, 
      0,   0,   0,   0,   0,   0, 
      0,   0,   0,   0,   0,   0, 
      0,   0,   0,   0,   0,   0, 
      0,   0,   0,   0,   0,   0, 
      0,   0,   0,   0,   0,   0, 
      0,   0,   0,   0,   0,   0, 
      0,   0,   0,   0,   0,   0, 
      0,   0,   0,   0,   0,   0, 
      0,   0,   0,   0,   0,   0, 
      0,   0,   0,   0,   0,   0, 
      0,   0,   0,   0,   0,   0, 
      0,   0,   0,   0,   0,   0, 
      0,   0,   0,   0,   0,   0, 
      0,   0,   0,   0,   0,   0, 
      0,   0,   0,   0,   0,   0, 
      0,   0,   0,   0,   0,   0, 
      0,   0,   0,   0,   0,   0, 
      0,   0,   0,   0,   0,   0, 
      0,   0,   0,   0,   0,   0, 
      0,   0,   0,   0,   0,   0, 
      0,   0,   0,   0,   0,   0, 
      0,   0,   0,   0,   0,   0, 
      0,   0,   0,   0,   0,   0, 
      0,   0,   0,   0,   0,   0, 
      0,   0,   0,   0,   0,   0, 
      0,   0,  16,   0,   0,   0, 
      0,   0,   0,   0,   0,   0, 
      0,   0,   0,   0,   0,   0, 
      0,   0,   0,   0,   0,   0, 
      0,   0,   0,   0,   0,   0, 
    255, 255, 255, 255,  26,   9, 
     47, 241,   0,   0,   0,   0, 
      0,   0,   0,   0,   0,   0, 
      0,   0,   0,   0,   0,   0, 
      0,   0,   0,   0,   0,   0, 
      0,   0,   0,   0,   0,   0, 
      0,   0,   0,   0,   0,   0, 
      0,   0,   0,   0,   0,   0, 
      0,   0,   0,   0,   0,   0, 
      0,   0,   0,   0,   0,   0, 
      0,   0,   0,   0,   0,   0, 
      0,   0,   0,   0,   0,   0, 
      0,   0,   0,   0,   0,   0, 
      0,   0,   0,   0,   0,   0, 
      0,   0,   0,   0,   0,   0, 
      0,   0,   0,   0,   0,   0, 
      0,   0,   0,   0,   0,   0, 
      0,   0,   0,   0,   0,   0, 
      0,   0,   0,   0,   0,   0, 
      0,   0,   0,   0,   0,   0, 
      0,   0,   0,   0,   0,   0, 
      0,   0,   0,   0,   0,   0, 
      0,   0,   0,   0,   0,   0, 
      0,   0,   0,   0,   0,   0, 
      0,   0,   0,   0,   0,   0, 
      0,   0,   0,   0,   0,   0, 
      0,   0,   0,   0,   0,   0, 
      0,   0,   0,   0,   0,   0, 
      0,   0,   0,   0,   0,   0, 
      0,   0,   0,   0,   0,   0, 
      0,   0,   0,   0,   0,   0, 
      0,   0,   0,   0,   0,   0, 
      0,   0,   0,   0,   0,   0, 
      0,   0,   0,   0,   0,   0, 
      0,   0,   0,   0,   0,   0, 
      0,   0,   0,   0,   0,   0, 
      0,   0,   0,   0,   0,   0, 
      0,   0,   0,   0,   0,   0, 
      0,   0,   0,   0,   0,   0, 
      0,   0,   0,   0,   0,   0, 
      0,   0,   0,   0,   0,   0, 
      0,   0,   0,   0,   0,   0, 
      0,   0,   0,   0,   0,   0, 
      0,   0,   0,   0,   0,   0, 
      0,   0,   0,   0,   0,   0, 
      0,   0,   0,   0,   0,   0, 
      0,   0,   0,   0,   0,   0, 
      0,   0,   0,   0,   0,   0, 
      0,   0,   0,   0,   0,   0, 
      0,   0,   0,   0,   0,   0, 
      0,   0,   0,   0,   0,   0, 
      0,   0,   0,   0,   0,   0, 
      0,   0,   0,   0,   0,   0, 
      0,   0,   0,   0,   0,   0, 
      0,   0,   0,   0,   0,   0, 
      0,   0,   0,   0,   0,   0, 
      0,   0,   0,   0,   0,   0, 
      0,   0,   0,   0,   0,   0, 
      0,   0,   0,   0,   0,   0, 
      0,   0,   0,   0,   0,   0, 
      0,   0,   0,   0,   0,   0, 
      0,   0,   0,   0,   0,   0, 
      0,   0,   0,   0,   0,   0, 
      0,   0,   0,   0,   0,   0, 
      0,   0,   0,   0,   0,   0, 
      0,   0,   0,   0,   0,   0, 
      0,   0,   0,   0,   0,   0, 
      0,   0,   0,   0,   0,   0, 
      0,   0,   0,   0,   0,   0, 
      0,   0,   0,   0,   0,   0, 
      0,   0,   0,   0,   0,   0, 
      0,   0,   0,   0,   0,   0, 
      0,   0,   0,   0,   0,   0, 
      0,   0,   0,   0,   0,   0, 
      0,   0,   0,   0,   0,   0, 
      0,   0,   0,   0,   0,   0, 
      0,   0,   0,   0,   0,   0, 
      0,   0,   0,   0,   0,   0, 
      0,   0,   0,   0,   0,   0, 
      0,   0,   0,   0,   0,   0, 
      0,   0,   0,   0, 255, 255, 
    255, 255, 119,   9,  49,   1, 
      1,   0,   0,   0,  15,   0, 
      0, 142,  16,   0,  63,  92, 
     17,   0,   0,   0,  76,   0, 
      0,   0,  32,   0,   0,   0, 
     44,   0,   0,   0, 208,   0, 
      0,   0,   0,   0,   0,   0, 
      0,   0,   0,   0,  22,   0, 
      0,   0,  25,   0,   0,   0, 
      0,   0,   0,   0,   0,   0, 
      0,   0,   0,   0,   0,   0, 
      1,   0,   0,   0,   0,   0, 
      0,   0, 164,   0,   0,   0, 
     32,   0,   0,  96,   0,   0, 
      0,   0,   0,   0,   0,   0, 
      0,   0,   0,   0,   2,   0, 
     11,   0, 148,   2,   0,   0, 
      0,   0,   0,   0, 196,   0, 
      0,   0,   3,   0,   0,   0, 
    112, 119,  98,   0,   0,   0, 
      0,   0,   0,   0,   0,   0, 
    109,  97, 105, 110,   0, 110, 
    111, 110, 101,   0,   0,   0, 
     45, 186,  46, 241,   1,   0, 
      0,   0,   0,   0,   0,   0, 
    164,   0,   0,   0,  32,   0, 
      0,  96,   0,   0,   0,   0, 
      0,   0,   0,   0,   0,   0, 
      0,   0,   2,   0,   2,   0, 
      7,   0,   0,   0,   0,   0, 
      1,   0, 255, 255, 255, 255, 
      0,   0,   0,   0, 164,   0, 
      0,   0,   8,   2,   0,   0, 
      0,   0,   0,   0, 255, 255, 
    255, 255,   0,   0,   0,   0, 
    255, 255, 255, 255,   1,   0, 
      3,   0,   0,   0,   3,   0, 
      0,   0,   0,   0,  72,   0, 
      0,   0, 126,   0,   0,   0, 
     67,  58,  92,  85, 115, 101, 
    114, 115,  92, 119, 107, 100, 
    103, 104,  92, 115, 111, 117, 
    114,  99, 101,  92, 114, 101, 
    112, 111, 115,  92,  83,  67, 
     46,  71,  97, 109, 101,  92, 
     83,  67,  46,  71,  97, 109, 
    101,  92,  84, 111, 110, 101, 
     77,  97, 112, 112, 105, 110, 
    103,  80, 105, 120, 101, 108, 
     83, 104,  97, 100, 101, 114, 
     46, 104, 108, 115, 108,   0, 
     67,  58,  92,  85, 115, 101, 
    114, 115,  92, 119, 107, 100, 
    103, 104,  92, 115, 111, 117, 
    114,  99, 101,  92, 114, 101, 
    112, 111, 115,  92,  83,  67, 
     46,  71,  97, 109, 101,  92, 
     83,  67,  46,  71,  97, 109, 
    101,  92,  72,  68,  82,  46, 
    104, 108, 115, 108, 105,   0, 
     67,  58,  92,  85, 115, 101, 
    114, 115,  92, 119, 107, 100, 
    103, 104,  92, 115, 111, 117, 
    114,  99, 101,  92, 114, 101, 
    112, 111, 115,  92,  83,  67, 
     46,  71,  97, 109, 101,  92, 
     83,  67,  46,  71,  97, 109, 
    101,  92,  71,  97, 109, 109, 
     97,  72, 101, 108, 112, 101, 
    114,  46, 104, 108, 115, 108, 
    105,   0, 254, 239, 254, 239, 
      1,   0,   0,   0,   1,   0, 
      0,   0,   0,   1,   0,   0, 
      0,   0,   0,   0,   0,   0, 
      0,   0,   0, 255, 255, 255, 
    255, 255, 255, 255, 255, 255, 
    255,  14,   0, 255, 255, 255, 
    255, 255, 255, 255, 255, 255, 
    255,   0,   0,   0,   0,   0, 
      0,   0,   0,   0,   0,   0, 
      0,   0,   0,   0,   0,   0, 
      0,   0,   0,   0,   0,   0, 
      0,   0,   0,   0,   0,   0, 
      0,   0,   0,   0,   0,   0, 
      0,   0,   0,   0,   0,   0, 
    148,  46,  49,   1, 209,  59, 
    153,  94,   1,   0,   0,   0, 
    127,   2,  48, 108, 110,  87, 
    158,  75, 171,  80, 180, 152, 
    168, 255, 234, 233, 255,   0, 
      0,   0,  47,  76, 105, 110, 
    107,  73, 110, 102, 111,   0, 
     47, 110,  97, 109, 101, 115, 
      0,  47, 115, 114,  99,  47, 
    104, 101,  97, 100, 101, 114, 
     98, 108, 111,  99, 107,   0, 
     47, 115, 114,  99,  47, 102, 
    105, 108, 101, 115,  47,  99, 
     58,  92, 117, 115, 101, 114, 
    115,  92, 119, 107, 100, 103, 
    104,  92, 115, 111, 117, 114, 
     99, 101,  92, 114, 101, 112, 
    111, 115,  92, 115,  99,  46, 
    103,  97, 109, 101,  92, 115, 
     99,  46, 103,  97, 109, 101, 
     92, 116, 111, 110, 101, 109, 
     97, 112, 112, 105, 110, 103, 
    112, 105, 120, 101, 108, 115, 
    104,  97, 100, 101, 114,  46, 
    104, 108, 115, 108,   0,  47, 
    115, 114,  99,  47, 102, 105, 
    108, 101, 115,  47,  99,  58, 
     92, 117, 115, 101, 114, 115, 
     92, 119, 107, 100, 103, 104, 
     92, 115, 111, 117, 114,  99, 
    101,  92, 114, 101, 112, 111, 
    115,  92, 115,  99,  46, 103, 
     97, 109, 101,  92, 115,  99, 
     46, 103,  97, 109, 101,  92, 
    104, 100, 114,  46, 104, 108, 
    115, 108, 105,   0,  47, 115, 
    114,  99,  47, 102, 105, 108, 
    101, 115,  47,  99,  58,  92, 
    117, 115, 101, 114, 115,  92, 
    119, 107, 100, 103, 104,  92, 
    115, 111, 117, 114,  99, 101, 
     92, 114, 101, 112, 111, 115, 
     92, 115,  99,  46, 103,  97, 
    109, 101,  92, 115,  99,  46, 
    103,  97, 109, 101,  92, 103, 
     97, 109, 109,  97, 104, 101, 
    108, 112, 101, 114,  46, 104, 
    108, 115, 108, 105,   0,   6, 
      0,   0,   0,  10,   0,   0, 
      0,   1,   0,   0,   0, 111, 
      0,   0,   0,   0,   0,   0, 
      0, 182,   0,   0,   0,  10, 
      0,   0,   0,  17,   0,   0, 
      0,   7,   0,   0,   0,   0, 
      0,   0,   0,   5,   0,   0, 
      0, 117,   0,   0,   0,   9, 
      0,   0,   0,  10,   0,   0, 
      0,   6,   0,   0,   0,  34, 
      0,   0,   0,   8,   0,   0, 
      0,   0,   0,   0,   0, 220, 
     81,  51,   1,   0,   0,   0, 
      0,   0,   0,   0,   0,   0, 
      0,   0,   0,   0,   0,   0, 
      0,   0,   0,   0,   0,   0, 
      0,   0,   0,   0,   0,   0, 
      0,   0,   0,   0,   0,   0, 
      0,   0,   0,   0,   0,   0, 
      0,   0,   0,   0,   0,   0, 
      0,   0,   0,   0,   0,   0, 
      0,   0,   0,   0,   0,   0, 
      0,   0,   0,   0,   0,   0, 
      0,   0,   0,   0,   0,   0, 
      0,   0,   0,   0,   0,   0, 
      0,   0,   0,   0,   0,   0, 
      0,   0,   0,   0,   0,   0, 
      0,   0,   0,   0,   0,   0, 
      0,   0,   0,   0,   0,   0, 
      0,   0,   0,   0,   0,   0, 
      0,   0,   0,   0,   0,   0, 
      0,   0,   0,   0,   0,   0, 
      0,   0,   0,   0,   0,   0, 
      0,   0,   0,   0,   0,   0, 
      0,   0,   0,   0,   0,   0, 
      0,   0,   0,   0,   0,   0, 
      0,   0,   0,   0,   0,   0, 
      0,   0,  18,   0,   0,   0, 
     32,   0,   0,   0, 107,   1, 
      0,   0,  84,   1,   0,   0, 
    215,   1,   0,   0,  56,   0, 
      0,   0,   0,   0,   0,   0, 
    239,   7,   0,   0, 216,   0, 
      0,   0,   0,   4,   0,   0, 
    234,   0,   0,   0,  48,   1, 
      0,   0, 104,   3,   0,   0, 
     68,   0,   0,   0,   0,   0, 
      0,   0,  40,   0,   0,   0, 
     56,   2,   0,   0,  44,   0, 
      0,   0,  96,   0,   0,   0, 
      3,   0,   0,   0,  26,   0, 
      0,   0,  16,   0,   0,   0, 
     25,   0,   0,   0,  17,   0, 
      0,   0,  12,   0,   0,   0, 
      6,   0,   0,   0,  18,   0, 
      0,   0,  19,   0,   0,   0, 
     13,   0,   0,   0,   8,   0, 
      0,   0,   9,   0,   0,   0, 
     10,   0,   0,   0,  11,   0, 
      0,   0,  14,   0,   0,   0, 
     15,   0,   0,   0,   7,   0, 
      0,   0,  20,   0,   0,   0, 
     21,   0,   0,   0,  22,   0, 
      0,   0,  24,   0,   0,   0, 
     23,   0,   0,   0,   0,   0, 
      0,   0,   0,   0,   0,   0, 
      0,   0,   0,   0,   0,   0, 
      0,   0,   0,   0,   0,   0, 
      0,   0,   0,   0,   0,   0, 
      0,   0,   0,   0,   0,   0, 
      0,   0,   0,   0,   0,   0, 
      0,   0,   0,   0,   0,   0, 
      0,   0,   0,   0,   0,   0, 
      0,   0,   0,   0,   0,   0, 
      0,   0,   0,   0,   0,   0, 
      0,   0,   0,   0,   0,   0, 
      0,   0,   0,   0,   0,   0, 
      0,   0,   0,   0,   0,   0, 
      0,   0,   0,   0,   0,   0, 
      0,   0,   0,   0,   0,   0, 
      0,   0,   0,   0,   0,   0, 
      0,   0,   0,   0,   0,   0, 
      0,   0,   0,   0,   0,   0, 
      0,   0,   0,   0,   0,   0, 
      0,   0,   0,   0,   0,   0, 
      0,   0,   0,   0,   0,   0, 
      0,   0,   0,   0,   0,   0, 
      0,   0,   0,   0,   0,   0, 
      0,   0,   0,   0,   0,   0, 
      0,   0,   0,   0,   0,   0, 
      0,   0,   0,   0,   0,   0, 
      0,   0,   0,   0,   0,   0, 
      0,   0,   0,   0,   0,   0, 
      0,   0,   0,   0,   0,   0, 
      0,   0,   0,   0,   0,   0, 
      0,   0,   0,   0,   0,   0, 
      0,   0,   0,   0,   0,   0, 
      0,   0,   0,   0,   0,   0, 
      0,   0,   0,   0,   0,   0, 
      0,   0,   0,   0,   0,   0, 
      0,   0,   0,   0,   0,   0, 
      0,   0,   0,   0,   0,   0, 
      0,   0,   0,   0,   0,   0, 
      0,   0,   0,   0,   0,   0, 
      0,   0,   0,   0,   0,   0, 
      0,   0,   0,   0,   0,   0, 
      0,   0,   0,   0,   0,   0, 
      0,   0,   0,   0,   0,   0, 
      0,   0,   0,   0,   0,   0, 
      0,   0,   0,   0,   0,   0, 
      0,   0,   0,   0,   0,   0, 
      0,   0,   0,   0,   0,   0, 
      0,   0,   0,   0,   0,   0, 
      0,   0,   0,   0,   0,   0, 
      0,   0,   0,   0,   0,   0, 
      0,   0,   0,   0,   0,   0, 
      0,   0,   0,   0,   0,   0, 
      0,   0,   0,   0,   0,   0, 
      0,   0,   0,   0,   0,   0, 
      0,   0,   0,   0,   0,   0, 
      0,   0,   0,   0,   0,   0, 
      0,   0,   0,   0,   0,   0, 
      0,   0,   0,   0,  27,   0, 
      0,   0,   0,   0,   0,   0, 
      0,   0,   0,   0,   0,   0, 
      0,   0,   0,   0,   0,   0, 
      0,   0,   0,   0,   0,   0, 
      0,   0,   0,   0,   0,   0, 
      0,   0,   0,   0,   0,   0, 
      0,   0,   0,   0,   0,   0, 
      0,   0,   0,   0,   0,   0, 
      0,   0,   0,   0,   0,   0, 
      0,   0,   0,   0,   0,   0, 
      0,   0,   0,   0,   0,   0, 
      0,   0,   0,   0,   0,   0, 
      0,   0,   0,   0,   0,   0, 
      0,   0,   0,   0,   0,   0, 
      0,   0,   0,   0,   0,   0, 
      0,   0,   0,   0,   0,   0, 
      0,   0,   0,   0,   0,   0, 
      0,   0,   0,   0,   0,   0, 
      0,   0,   0,   0,   0,   0, 
      0,   0,   0,   0,   0,   0, 
      0,   0,   0,   0,   0,   0, 
      0,   0,   0,   0,   0,   0, 
      0,   0,   0,   0,   0,   0, 
      0,   0,   0,   0,   0,   0, 
      0,   0,   0,   0,   0,   0, 
      0,   0,   0,   0,   0,   0, 
      0,   0,   0,   0,   0,   0, 
      0,   0,   0,   0,   0,   0, 
      0,   0,   0,   0,   0,   0, 
      0,   0,   0,   0,   0,   0, 
      0,   0,   0,   0,   0,   0, 
      0,   0,   0,   0,   0,   0, 
      0,   0,   0,   0,   0,   0, 
      0,   0,   0,   0,   0,   0, 
      0,   0,   0,   0,   0,   0, 
      0,   0,   0,   0,   0,   0, 
      0,   0,   0,   0,   0,   0, 
      0,   0,   0,   0,   0,   0, 
      0,   0,   0,   0,   0,   0, 
      0,   0,   0,   0,   0,   0, 
      0,   0,   0,   0,   0,   0, 
      0,   0,   0,   0,   0,   0, 
      0,   0,   0,   0,   0,   0, 
      0,   0,   0,   0,   0,   0, 
      0,   0,   0,   0,   0,   0, 
      0,   0,   0,   0,   0,   0, 
      0,   0,   0,   0,   0,   0, 
      0,   0,   0,   0,   0,   0, 
      0,   0,   0,   0,   0,   0, 
      0,   0,   0,   0,   0,   0, 
      0,   0,   0,   0,   0,   0, 
      0,   0,   0,   0,   0,   0, 
      0,   0,   0,   0,   0,   0, 
      0,   0,   0,   0,   0,   0, 
      0,   0,   0,   0,   0,   0, 
      0,   0,   0,   0,   0,   0, 
      0,   0,   0,   0,   0,   0, 
      0,   0,   0,   0,   0,   0, 
      0,   0,   0,   0,   0,   0, 
      0,   0,   0,   0,   0,   0, 
      0,   0,   0,   0,   0,   0, 
      0,   0,   0,   0,   0,   0, 
      0,   0,   0,   0,   0,   0, 
      0,   0,   0,   0,   0,   0, 
      0,   0,   0,   0,   0,   0, 
      0,   0,   0,   0,   0,   0, 
      0,   0,   0,   0,   0,   0, 
      0,   0,   0,   0,   0,   0, 
      0,   0,   0,   0,   0,   0, 
      0,   0,   0,   0,   0,   0, 
      0,   0,   0,   0,   0,   0, 
      0,   0,   0,   0,   0,   0, 
      0,   0,   0,   0,   0,   0, 
      0,   0,   0,   0,   0,   0, 
      0,   0,   0,   0,   0,   0, 
      0,   0,   0,   0,   0,   0, 
      0,   0,   0,   0,   0,   0, 
      0,   0,   0,   0,   0,   0, 
      0,   0,   0,   0,   0,   0, 
      0,   0,   0,   0,   0,   0, 
      0,   0,   0,   0,   0,   0, 
      0,   0,   0,   0,   0,   0, 
      0,   0,   0,   0,   0,   0, 
      0,   0,   0,   0,   0,   0, 
      0,   0,   0,   0,   0,   0, 
      0,   0,   0,   0,   0,   0, 
      0,   0,   0,   0,   0,   0, 
      0,   0,   0,   0,   0,   0, 
      0,   0,   0,   0,   0,   0, 
      0,   0,   0,   0,   0,   0, 
      0,   0,   0,   0,   0,   0, 
      0,   0,   0,   0,   0,   0, 
      0,   0,   0,   0,   0,   0, 
      0,   0,   0,   0,   0,   0, 
      0,   0,   0,   0,   0,   0, 
      0,   0,   0,   0,   0,   0, 
      0,   0,   0,   0,   0,   0, 
      0,   0,   0,   0,   0,   0, 
      0,   0,   0,   0,   0,   0, 
      0,   0,   0,   0,   0,   0, 
      0,   0,   0,   0,   0,   0, 
      0,   0,   0,   0,   0,   0, 
      0,   0,   0,   0,   0,   0, 
      0,   0,   0,   0,   0,   0, 
      0,   0,   0,   0,   0,   0, 
      0,   0,   0,   0,   0,   0, 
      0,   0,   0,   0,   0,   0, 
      0,   0,   0,   0,   0,   0, 
      0,   0,   0,   0,   0,   0, 
      0,   0,   0,   0,   0,   0, 
      0,   0,   0,   0,   0,   0, 
      0,   0,   0,   0,   0,   0, 
      0,   0,   0,   0,   0,   0, 
      0,   0,   0,   0,   0,   0, 
      0,   0,   0,   0,   0,   0, 
      0,   0,   0,   0,   0,   0, 
      0,   0,   0,   0,   0,   0, 
      0,   0,   0,   0,   0,   0, 
      0,   0,   0,   0,   0,   0, 
      0,   0,   0,   0,   0,   0, 
      0,   0,   0,   0,   0,   0, 
      0,   0,   0,   0,   0,   0, 
      0,   0,   0,   0,   0,   0, 
      0,   0,   0,   0,   0,   0, 
      0,   0,   0,   0,   0,   0, 
      0,   0,   0,   0,   0,   0, 
      0,   0,   0,   0,   0,   0, 
      0,   0,   0,   0,   0,   0, 
      0,   0,   0,   0,   0,   0, 
      0,   0,   0,   0,   0,   0, 
      0,   0,   0,   0,   0,   0, 
      0,   0,   0,   0,   0,   0, 
      0,   0,   0,   0,   0,   0, 
      0,   0,   0,   0,   0,   0, 
      0,   0,   0,   0,   0,   0, 
      0,   0,   0,   0,   0,   0, 
      0,   0,   0,   0,   0,   0, 
      0,   0,   0,   0,   0,   0, 
      0,   0,   0,   0,   0,   0, 
      0,   0,   0,   0,   0,   0, 
      0,   0,   0,   0,   0,   0, 
      0,   0,   0,   0,   0,   0, 
      0,   0,   0,   0,   0,   0, 
      0,   0,   0,   0,   0,   0, 
      0,   0,   0,   0,   0,   0, 
      0,   0,   0,   0,   0,   0, 
      0,   0,   0,   0,   0,   0, 
      0,   0,   0,   0,   0,   0, 
      0,   0,   0,   0,   0,   0, 
      0,   0,   0,   0,   0,   0, 
      0,   0,   0,   0,   0,   0, 
      0,   0,   0,   0,   0,   0, 
      0,   0,   0,   0,   0,   0, 
      0,   0,   0,   0,   0,   0, 
      0,   0,   0,   0,   0,   0, 
      0,   0,   0,   0,   0,   0, 
      0,   0,   0,   0,   0,   0, 
      0,   0,   0,   0,   0,   0, 
      0,   0,   0,   0,   0,   0, 
      0,   0,   0,   0,   0,   0, 
      0,   0,   0,   0,   0,   0, 
      0,   0,   0,   0,   0,   0, 
      0,   0,   0,   0,   0,   0, 
      0,   0,   0,   0,   0,   0, 
      0,   0,   0,   0,   0,   0, 
      0,   0,   0,   0,   0,   0, 
      0,   0,   0,   0,   0,   0, 
      0,   0,   0,   0,   0,   0, 
      0,   0,   0,   0,   0,   0, 
      0,   0,   0,   0,   0,   0, 
      0,   0,   0,   0,   0,   0, 
      0,   0,   0,   0,   0,   0, 
      0,   0,   0,   0,   0,   0, 
      0,   0,   0,   0,   0,   0, 
      0,   0,   0,   0,   0,   0, 
      0,   0,   0,   0,   0,   0, 
      0,   0,   0,   0,   0,   0, 
      0,   0,   0,   0,   0,   0, 
      0,   0,   0,   0,   0,   0, 
      0,   0,   0,   0,   0,   0, 
      0,   0,   0,   0,   0,   0, 
      0,   0,   0,   0,   0,   0, 
      0,   0,   0,   0,   0,   0, 
      0,   0,   0,   0,   0,   0, 
      0,   0,   0,   0,   0,   0, 
      0,   0,   0,   0,   0,   0, 
      0,   0,   0,   0,   0,   0, 
      0,   0,   0,   0,   0,   0, 
      0,   0,   0,   0,   0,   0, 
      0,   0,   0,   0,   0,   0, 
      0,   0,   0,   0,   0,   0, 
      0,   0,   0,   0,   0,   0, 
      0,   0,   0,   0,   0,   0, 
      0,   0,   0,   0,   0,   0, 
      0,   0,   0,   0,   0,   0, 
      0,   0,   0,   0,   0,   0, 
      0,   0,   0,   0,   0,   0, 
      0,   0,   0,   0,   0,   0, 
      0,   0,   0,   0,   0,   0, 
      0,   0,   0,   0,   0,   0, 
      0,   0,   0,   0,   0,   0, 
      0,   0,   0,   0,   0,   0, 
      0,   0,   0,   0,   0,   0, 
      0,   0,   0,   0,   0,   0, 
      0,   0,   0,   0,   0,   0, 
      0,   0,   0,   0,   0,   0, 
      0,   0,   0,   0,   0,   0, 
      0,   0,   0,   0,   0,   0, 
      0,   0,   0,   0,   0,   0, 
      0,   0,   0,   0,   0,   0, 
      0,   0,   0,   0,   0,   0, 
      0,   0,   0,   0,   0,   0, 
      0,   0,   0,   0,   0,   0, 
      0,   0,   0,   0,   0,   0, 
      0,   0,   0,   0,   0,   0, 
      0,   0,   0,   0,   0,   0, 
      0,   0,   0,   0,   0,   0, 
      0,   0,   0,   0,   0,   0, 
      0,   0,   0,   0,   0,   0, 
      0,   0,   0,   0,   0,   0, 
      0,   0,   0,   0,   0,   0, 
      0,   0,   0,   0,   0,   0, 
      0,   0,   0,   0,   0,   0, 
      0,   0,   0,   0,   0,   0, 
      0,   0,   0,   0,   0,   0, 
      0,   0,   0,   0,   0,   0, 
      0,   0,   0,   0,   0,   0, 
      0,   0,   0,   0,   0,   0, 
      0,   0,   0,   0,   0,   0, 
      0,   0,   0,   0,   0,   0, 
      0,   0,   0,   0,   0,   0, 
      0,   0,   0,   0,   0,   0, 
      0,   0,   0,   0,   0,   0, 
      0,   0,   0,   0,   0,   0, 
      0,   0,   0,   0,   0,   0, 
      0,   0,   0,   0,   0,   0, 
      0,   0,   0,   0,   0,   0, 
      0,   0,   0,   0,   0,   0, 
      0,   0,   0,   0,   0,   0, 
      0,   0,   0,   0,   0,   0, 
      0,   0,   0,   0,   0,   0, 
      0,   0,   0,   0,   0,   0, 
      0,   0,   0,   0,   0,   0, 
      0,   0,   0,   0,   0,   0, 
      0,   0,   0,   0,   0,   0, 
      0,   0,   0,   0,   0,   0, 
      0,   0,   0,   0,   0,   0, 
      0,   0,   0,   0,   0,   0, 
      0,   0,   0,   0,   0,   0, 
      0,   0,   0,   0,   0,   0, 
      0,   0,   0,   0,   0,   0, 
      0,   0,   0,   0,   0,   0, 
      0,   0,   0,   0,   0,   0, 
      0,   0,   0,   0,   0,   0, 
      0,   0,   0,   0,   0,   0, 
      0,   0,   0,   0
};
